time,.header.seq,.header.stamp.secs,.header.stamp.nsecs,.header.frame_id,.pose.position.x,.pose.position.y,.pose.position.z,.pose.orientation.x,.pose.orientation.y,.pose.orientation.z,.pose.orientation.w,.twist.linear.x,.twist.linear.y,.twist.linear.z,.twist.angular.x,.twist.angular.y,.twist.angular.z,.wrench.force.x,.wrench.force.y,.wrench.force.z,.wrench.torque.x,.wrench.torque.y,.wrench.torque.z
2017/07/09/10:03:43.845128,420851,1499565826,649141810,,0.782866228404,0.393058540059,0.166432937138,0.626112564077,0.77714445251,0.0545577327071,0.0324501284961,0.0153765389474,-0.063913399813,0.00511556786156,-0.0155409858508,-0.0163677504925,-0.090317774233,6.26788949966,2.0492041111,-0.835532784462,-0.718807220459,2.53098368645,0.087750069797
2017/07/09/10:03:43.854755,420852,1499565826,659140074,,0.782304940523,0.392794040288,0.166336098944,0.626117727948,0.777186669231,0.0541401725135,0.0320361302091,0.0135396546091,-0.0602566778299,-0.00565955321243,-0.0212390368487,0.00187941873789,-0.0691444136143,5.76658439636,1.94151031971,-0.749850451946,-0.651008665562,2.353256464,0.0888571739197
2017/07/09/10:03:43.864788,420853,1499565826,669146000,,0.782547804009,0.392288327018,0.166356493028,0.626557541155,0.776816550033,0.0542941204289,0.0321534400001,0.0104445518893,-0.0521342810854,0.000116902903757,-0.0364170797489,-0.0131004780033,-0.0670970791168,4.24700450897,1.81437492371,-0.170047551394,-0.65328925848,1.78659081459,0.0505889505148
2017/07/09/10:03:43.874791,420854,1499565826,679145965,,0.783192591745,0.391859217696,0.166756136399,0.6268225077,0.77654546668,0.0547744426185,0.0327176169078,0.0224091326811,-0.0760083035174,0.0107770086073,-0.0144847234338,-0.0418043409197,-0.0975128001997,3.30306911469,1.58921980858,0.339773446321,-0.671701610088,1.47850227356,0.0085335187614
2017/07/09/10:03:43.884804,420855,1499565826,689137628,,0.78278500253,0.39070946576,0.166151182031,0.627214687285,0.776292491448,0.0540892985289,0.0323427203581,0.0215690751736,-0.0952683006036,0.00310046917753,-0.0462620888439,-0.0236606056539,-0.104171865771,4.04048347473,1.77117395401,0.403175443411,-0.754958927631,1.76038813591,0.00620701536536
2017/07/09/10:03:43.895036,420856,1499565826,699144845,,0.783813062667,0.389303953012,0.166989263087,0.62762707388,0.775896655425,0.0541709148217,0.0336771171648,0.0151516600769,-0.0846696675875,-0.00202903151202,-0.0395114495718,-0.00487081742479,-0.0977963668444,4.6938624382,1.78103840351,0.171037614346,-0.66473120451,1.99868714809,0.0173187702894
2017/07/09/10:03:43.904876,420857,1499565826,709146191,,0.783034794624,0.388349715925,0.166249381786,0.628182229872,0.775538366529,0.0532831082622,0.0329884599259,0.017022341018,-0.0980086165597,0.00289513725551,-0.0580599521497,-0.00618610274524,-0.117977847503,4.51927614212,0.754490673542,-0.164496675134,-0.191846013069,1.88710081577,0.104299947619
2017/07/09/10:03:43.914828,420858,1499565826,719144973,,0.78344502914,0.387190631773,0.166442806474,0.628894967381,0.774936771521,0.0534505088854,0.0332740626849,0.0136449336567,-0.10987607247,0.00711486929125,-0.0296574336797,0.00291843855671,-0.149144067048,4.24582147598,0.173232123256,-0.214989945292,0.139781504869,1.8119610548,0.179435282946
2017/07/09/10:03:43.925186,420859,1499565826,729140786,,0.78389529466,0.385982392361,0.166658416559,0.62928708322,0.774610525841,0.0532834429514,0.0337220233133,0.033743710124,-0.12168429754,0.00873114292885,-0.0208895751072,-0.0354726646584,-0.174041322184,4.04492759705,0.162053704262,-0.301864862442,0.110685437918,1.73535037041,0.168129324913
2017/07/09/10:03:43.934855,420860,1499565826,739144616,,0.784329465821,0.38510153694,0.166699893606,0.63006058917,0.773949638356,0.0536847284374,0.0338165816767,0.038902068521,-0.109632460199,0.0155790504668,-0.0169370980779,-0.0548632579902,-0.151393945556,4.24274349213,0.529775261879,-0.336490631104,-0.0643393620849,1.82386291027,0.160922467709
2017/07/09/10:03:43.944794,420861,1499565826,749144743,,0.784511774405,0.385008982888,0.166718223715,0.63015544661,0.773857103063,0.0537486876302,0.0340642881128,0.0255995251545,-0.111287992549,-0.000578029209183,-0.0230936776855,-0.0113719979204,-0.141526689089,4.58978748322,1.06339073181,-0.491353929043,-0.327173292637,1.93915784359,0.0833509862423
2017/07/09/10:03:43.955116,420862,1499565826,759152565,,0.785100532194,0.382784636737,0.167313534191,0.631170880344,0.773003216198,0.0538166511176,0.0345415057002,0.0238733885981,-0.112399622334,0.00166033776476,-0.0130778515453,-0.00999081613479,-0.149241625168,4.44389772415,1.44373786449,-0.693537652493,-0.497931689024,1.85666429996,0.0723037868738
2017/07/09/10:03:43.965081,420863,1499565826,769148974,,0.785025336738,0.382242838978,0.166824059352,0.631637781922,0.772650922297,0.0535897303381,0.0342404077863,0.031413090885,-0.124217519457,0.0052248453274,-0.0192001155482,-0.0224125533541,-0.182543931087,3.94806480408,1.60198116302,-0.712342321873,-0.54894143343,1.65367674828,0.0509323477745
2017/07/09/10:03:43.974832,420864,1499565826,779143421,,0.785181489643,0.3812653924,0.167225541741,0.632203191735,0.772181054571,0.0535551966825,0.0344584420714,0.0268054063811,-0.135611094107,0.00116737434763,-0.0241224487442,-0.00716197212993,-0.191334626021,3.78456115723,1.3321968317,-0.899541676044,-0.339875817299,1.59674298763,0.0906729251146
2017/07/09/10:03:43.985080,420865,1499565826,789141839,,0.785256724149,0.378826284424,0.166512806722,0.632941756517,0.771627081567,0.0527449364688,0.0345593912918,0.0225669154817,-0.13823019932,-0.00243730544504,-0.0327443432362,0.00391023688926,-0.185273616015,3.76928710938,1.17320919037,-0.925618767738,-0.329065263271,1.59764254093,0.0939144343138
2017/07/09/10:03:43.994682,420866,1499565826,799140242,,0.786045414873,0.377642500104,0.167088761201,0.633751189121,0.770900783572,0.0533805732773,0.0349560663082,0.0293132797166,-0.168197019391,-0.00205090587766,-0.0511298120307,-0.0131638719928,-0.215702476255,3.23592996597,0.799179971218,-0.982773602009,-0.112742766738,1.40309655666,0.124796226621
2017/07/09/10:03:44.004860,420867,1499565826,809140461,,0.786147636783,0.374966722169,0.166452266015,0.635544653093,0.769462051467,0.0528282287215,0.0349331293641,0.0351676453351,-0.162358192707,0.00975290640883,-0.0495586106916,-0.0329712422515,-0.186376588337,3.19827151299,0.677288293839,-1.00548684597,-0.0684715285897,1.37151408195,0.139429956675
2017/07/09/10:03:44.014813,420868,1499565826,819145574,,0.786179884762,0.374366965481,0.166680953608,0.635541112472,0.76946596285,0.0527540282855,0.035023404652,0.0232020063994,-0.156428249922,0.00392828482289,-0.0239292371007,-0.00899859137457,-0.203519476058,4.06354808807,1.07183301449,-1.03665006161,-0.314981639385,1.67329192162,0.0599123425782
2017/07/09/10:03:44.024871,420869,1499565826,829137285,,0.786575618621,0.371602830131,0.166841664777,0.636714754481,0.768502302986,0.0522686267253,0.0355882338822,0.0248569991694,-0.197005366325,-0.000712229650465,-0.0461479772785,0.00612630962144,-0.262880896206,4.09583473206,1.1355817318,-1.17099392414,-0.329760938883,1.6292591095,0.0780356898904
2017/07/09/10:03:44.034758,420870,1499565826,839140180,,0.787072705095,0.370140703767,0.166772434165,0.637429678841,0.767892730223,0.0523290744928,0.0358584350686,0.0220900963356,-0.229371901347,-0.0120911035966,-0.0626212260879,0.029099826481,-0.309533031122,4.24829435349,1.05941426754,-1.04982995987,-0.321657210588,1.68996572495,0.0740111842752
2017/07/09/10:03:44.044776,420871,1499565826,849140215,,0.786626491795,0.367434432725,0.166308363247,0.639134629709,0.766560978292,0.051351234651,0.0354152843665,0.0340047812555,-0.213892437151,0.00315264950429,-0.0517598609578,-0.00528484559522,-0.296113793295,4.20152759552,1.09190440178,-0.920795619488,-0.209121614695,1.70029997826,0.126182988286
2017/07/09/10:03:44.054790,420872,1499565826,859144798,,0.787184343519,0.365867520661,0.166412093655,0.639677928433,0.766082608029,0.0514292230387,0.0358416038938,0.0222067574381,-0.212565913028,-0.0132861840335,-0.0683739844635,0.021378726981,-0.278965923017,4.16544437408,0.941523551941,-1.03061246872,-0.0825884342194,1.68803215027,0.161946684122
2017/07/09/10:03:44.064666,420873,1499565826,869138399,,0.787869738402,0.362741328196,0.166501778044,0.641117934867,0.76486759457,0.0510321304458,0.0366207322417,0.0184447656875,-0.234224233519,-0.024430705529,-0.0944715739509,0.0323654305732,-0.265676084267,4.4529094696,0.981472253799,-1.04161226749,-0.141737192869,1.73039913177,0.0996639803052
2017/07/09/10:03:44.074806,420874,1499565826,879153296,,0.787802693743,0.361067793429,0.166200426243,0.641625002474,0.764471468588,0.0503034347167,0.0370174873642,0.0174952933314,-0.230531757921,-0.0224484602119,-0.0898638918683,0.0347402060342,-0.261023317275,4.19023036957,0.772238612175,-0.99671548605,0.0247663781047,1.62976300716,0.176924288273
2017/07/09/10:03:44.085093,420875,1499565826,889138592,,0.78797543428,0.359199665494,0.166322469486,0.642495147081,0.763755498356,0.0499913676009,0.0371266464122,0.0349483746758,-0.249813321596,-0.00150053630485,-0.098698584633,-0.0106620959114,-0.263610444405,4.4243183136,0.820734381676,-0.777259886265,-0.110449746251,1.69060349464,0.118900209665
2017/07/09/10:03:44.094991,420876,1499565826,899146702,,0.788185187854,0.356326512403,0.166106466139,0.643540875814,0.762894456842,0.0494835605891,0.0373974077692,0.0327318144169,-0.241915382388,-0.00703189336467,-0.0988304341978,-0.00875954513222,-0.260805645173,4.73544454575,0.910689234734,-0.853372693062,-0.216631308198,1.76179337502,0.119502611458
2017/07/09/10:03:44.104760,420877,1499565826,909146469,,0.788430084571,0.354057190445,0.165359522402,0.644567150445,0.762056890435,0.0488733264128,0.0376016259387,0.00904029314739,-0.253537645026,-0.0274206716077,-0.112524695004,0.0513096850005,-0.281038868281,4.87840557098,0.935241758823,-0.518006801605,-0.278650820255,1.82182753086,0.107819721103
2017/07/09/10:03:44.114889,420878,1499565826,919144923,,0.78896977673,0.351269602244,0.166164090906,0.645842836323,0.760932642369,0.0488088479078,0.0385517952021,0.0210134034449,-0.264485734339,-0.0165440920072,-0.11685452503,0.0148955759301,-0.296949230176,5.33411121368,0.928212702274,-0.61223512888,-0.32418847084,1.955103755,0.0623436681926
2017/07/09/10:03:44.125171,420879,1499565826,929143643,,0.788653835863,0.348465970726,0.165212646957,0.646531202881,0.760437089668,0.0474469462467,0.0384918647404,0.0271506918465,-0.275821155414,-0.00924915720545,-0.131096835442,0.00312368176845,-0.310836619144,5.45550918579,0.963345766068,-0.461414813995,-0.311732411385,2.0005428791,0.0815245509148
2017/07/09/10:03:44.134716,420880,1499565826,939140419,,0.789202845769,0.345623878505,0.165738415847,0.647944856229,0.759216130392,0.0472670359401,0.0390404655782,0.0363752781822,-0.293538209294,-0.0125132953338,-0.156938513034,-0.017161390569,-0.294456536503,5.26562023163,0.881956577301,-0.55951243639,-0.218876242638,1.8846064806,0.0822965875268
2017/07/09/10:03:44.144786,420881,1499565826,949145836,,0.789531194792,0.343259112779,0.165217479583,0.648838199935,0.758449071634,0.0467853890281,0.0396878245363,0.0314423196368,-0.290793426784,0.00123518415823,-0.148856617049,-0.00936555872504,-0.303679496608,5.44115924835,1.02060437202,-0.610639214516,-0.405964612961,1.91721642017,0.0395404845476
2017/07/09/10:03:44.154971,420882,1499565826,959139279,,0.789961177489,0.33925561851,0.165355956455,0.650644815551,0.756902313359,0.0460686101788,0.0404709177659,0.042091438981,-0.283403262097,0.0121275649174,-0.121295822686,-0.036955578837,-0.30559069962,4.9070687294,0.812738835812,-0.666707038879,-0.185360595584,1.71964406967,0.115741230547
2017/07/09/10:03:44.164823,420883,1499565826,969144385,,0.790952576783,0.337350685545,0.165941785843,0.651189066036,0.756371752104,0.0462886818998,0.0413754857588,0.0287068460717,-0.292187486254,-0.0119398139777,-0.140295985061,-0.00191750374822,-0.292273816691,4.65292167664,0.683269619942,-0.686303794384,-0.0498544797301,1.64115607738,0.148247420788
2017/07/09/10:03:44.175361,420884,1499565826,979145302,,0.791062345476,0.334278214614,0.165898249306,0.652256388669,0.755459748183,0.0456128133713,0.0419719379068,0.0389326753897,-0.289169873654,0.00129335942573,-0.12248679969,-0.0222490514303,-0.31592533699,4.50375032425,0.47438454628,-0.870647609234,0.0359839834273,1.59059166908,0.161276251078
2017/07/09/10:03:44.184965,420885,1499565826,989138009,,0.791025860716,0.331513860707,0.165264926326,0.653465535887,0.754455771463,0.0449730143877,0.0419131279118,0.0579448357691,-0.31147919525,0.0162398308833,-0.139420247415,-0.0802091974305,-0.34509237276,3.57839560509,0.548227250576,-0.786574482918,0.0237360410392,1.24845290184,0.153138071299
2017/07/09/10:03:44.194835,420886,1499565826,999145393,,0.791556738327,0.328372152946,0.165425484668,0.654799935891,0.753288250814,0.0445533071779,0.0425306708441,0.0437305816891,-0.328728500853,-0.00150433181704,-0.134284633643,-0.0339142750733,-0.363907680447,3.62127900124,0.377649128437,-0.945261538029,0.015755943954,1.26871299744,0.138654977083
2017/07/09/10:03:44.204897,420887,1499565827,9146917,,0.792019151977,0.325378198483,0.165326795703,0.655875083162,0.75232773976,0.0442211498412,0.0433051634428,0.0329516613623,-0.31416034727,-0.0086788348213,-0.114166599463,-0.0117665356964,-0.360546747706,3.48689103127,0.360828638077,-0.859651505947,0.0427619703114,1.24001848698,0.151540994644
2017/07/09/10:03:44.214796,420888,1499565827,19150117,,0.792538011338,0.32207076634,0.165832683392,0.65740612267,0.750961419971,0.0437741538063,0.0442488310597,0.0323414014568,-0.310519450242,0.00306249221708,-0.114295372196,-0.0270068309477,-0.369726094354,3.87141394615,0.446500837803,-0.872988581657,-0.0217703953385,1.38567507267,0.156344041228
2017/07/09/10:03:44.224820,420889,1499565827,29145780,,0.792905427294,0.319208117851,0.165727788526,0.659046304142,0.749503583265,0.0437685312488,0.0445720017599,0.0445049289839,-0.336262436061,-0.00218570846413,-0.124677820124,-0.0502005199167,-0.389699552513,3.43840527534,0.476501584053,-0.974797904491,-0.0444766134024,1.22657477856,0.11069830507
2017/07/09/10:03:44.234727,420890,1499565827,39141906,,0.793142463488,0.316141309932,0.165596471383,0.66025757823,0.748448763508,0.0432570530976,0.0448687658742,0.0276131653158,-0.326347134933,-0.00334504607764,-0.104734891554,-0.0138792911109,-0.387693789513,3.73127555847,0.325949251652,-0.807862520218,0.0087485909462,1.34762454033,0.116763144732
2017/07/09/10:03:44.244746,420891,1499565827,49140006,,0.793077975752,0.313547405684,0.165139440505,0.661289159772,0.747568797374,0.042640540205,0.0449368967652,0.0249381586696,-0.324581902889,-0.00589518056849,-0.106537225035,-0.00376536797937,-0.371181183428,4.01175069809,0.304235488176,-0.857422113419,0.00610377639532,1.43394601345,0.125691249967
2017/07/09/10:03:44.254841,420892,1499565827,59145630,,0.793466308608,0.309094210981,0.165226258597,0.663316445564,0.745767633633,0.042110493176,0.0454822606559,0.0149591949818,-0.317308842549,-0.00595661386942,-0.0821108067842,0.0137716899686,-0.375752888413,4.01888561249,0.525206208229,-0.805058538914,-0.103729635477,1.41330730915,0.0928132683039
2017/07/09/10:03:44.264949,420893,1499565827,69141369,,0.79340580724,0.306659241582,0.165346497192,0.664706695788,0.744539472004,0.0418493796957,0.0455479156642,0.0217059988075,-0.343153993039,-0.012377524522,-0.0949267652116,0.00875578211282,-0.408365370637,3.93507242203,-0.599015951157,-0.847586035728,0.179439529777,1.37776434422,0.0981642976403
2017/07/09/10:03:44.274980,420894,1499565827,79143074,,0.793579921973,0.304051601722,0.165290348582,0.665458682098,0.743867007718,0.0414608306917,0.0459087874741,0.0254706193443,-0.330854000693,0.00689545281825,-0.0854921454387,-0.020840606493,-0.400906457377,3.68811392784,-0.22832223773,-0.968509793282,0.0923098623753,1.27847993374,0.0622376166284
2017/07/09/10:03:44.284857,420895,1499565827,89138354,,0.793912971599,0.299510212088,0.164906002565,0.667724013471,0.741843244123,0.0407792382549,0.0463712918819,0.0247416149238,-0.33154550371,0.00551974284033,-0.0631081177495,-0.0224909451633,-0.437728342419,3.5287322998,-0.431625962257,-0.879703223705,0.123026259243,1.24009311199,0.098495438695
2017/07/09/10:03:44.295134,420896,1499565827,99148342,,0.793788938192,0.29759262909,0.164624473999,0.668525334844,0.741136169354,0.0405806284545,0.0463062386789,0.021787106113,-0.346317075815,-0.0123428013189,-0.0557351944706,0.00186449974298,-0.463289289655,3.23288869858,0.409921467304,-0.854201078415,0.0153014883399,1.12421488762,0.119191862643
2017/07/09/10:03:44.304724,420897,1499565827,109139607,,0.79463351995,0.293277422918,0.165588485399,0.670959138812,0.738854582047,0.040695374179,0.0474513135126,0.00781915486542,-0.33226558353,-0.00447725738183,-0.0560793483884,0.0157506469415,-0.44171304353,3.38270568848,-0.170567199588,-0.657150864601,0.246160566807,1.19241786003,0.226809233427
2017/07/09/10:03:44.314835,420898,1499565827,119146401,,0.794085218181,0.29017912135,0.164908551347,0.672483791722,0.737551847269,0.0401405170922,0.0466000144815,0.0210986162578,-0.324927423331,0.0149332625627,-0.020542791973,-0.0191906966333,-0.447523490472,2.36316537857,-0.428394079208,-0.87646317482,0.321115463972,0.772821724415,0.200476512313
2017/07/09/10:03:44.324943,420899,1499565827,129140436,,0.794963020279,0.286464269119,0.165377838272,0.674256020501,0.735849344884,0.0406195331098,0.047482775645,0.0168036342146,-0.34269931673,0.0123554364242,-0.0186756583235,-0.0114910186253,-0.47226268937,2.66151666641,-0.428770333529,-0.853337705135,0.283491075039,0.868332564831,0.17640607059
2017/07/09/10:03:44.334698,420900,1499565827,139145770,,0.795132100426,0.283234635445,0.165493157364,0.675762226334,0.734463941414,0.0403112403635,0.0477821736916,0.00377917406041,-0.336130591992,-0.00375379105407,0.00155785282935,0.0174489142904,-0.453010630208,2.60437774658,-0.621451795101,-0.827359676361,0.360896348953,0.823005735874,0.192008823156
2017/07/09/10:03:44.345388,420901,1499565827,149141198,,0.795365917143,0.280288473271,0.16596059502,0.677447521635,0.732881317856,0.0404500636443,0.048100121821,0.0052484035221,-0.354278566237,-0.00249453484369,-0.0282592624826,0.00970441793668,-0.459629018187,2.87452411652,-0.544858336449,-0.736050188541,0.262329190969,0.921554803848,0.135579690337
2017/07/09/10:03:44.355172,420902,1499565827,159139075,,0.795091645946,0.276884085724,0.165626084512,0.678676573101,0.731781669405,0.039896764683,0.0479785953867,0.0235625267793,-0.357532418455,0.0196413106514,-0.0226078991378,-0.0451883815583,-0.477151400375,2.52484989166,-0.697285532951,-0.644820213318,0.315232843161,0.810550451279,0.162427127361
2017/07/09/10:03:44.364844,420903,1499565827,169143335,,0.795519109282,0.274643430092,0.166045048975,0.68002953356,0.7304825194,0.0404343241798,0.0481683274056,0.00445481134729,-0.348731083047,-0.00310389112568,-0.0105862478292,0.00837137177551,-0.469367958924,2.31546473503,-0.326286077499,-0.859805166721,0.230257183313,0.716160655022,0.120382606983
2017/07/09/10:03:44.374969,420904,1499565827,179143087,,0.795253368805,0.27064889696,0.165380293582,0.682053014018,0.728639327387,0.0397757053963,0.0480240555847,0.00537635833538,-0.324599170043,0.00679080365991,0.0143556705394,-0.00377124667756,-0.450653622301,1.63174664974,-0.793288886547,-0.994416594505,0.352150380611,0.466814279556,0.144558995962
2017/07/09/10:03:44.385268,420905,1499565827,189144726,,0.795483796968,0.267104696464,0.165984475883,0.683894081549,0.726882997909,0.0398733175246,0.0483746950597,0.0171475812442,-0.341250687634,0.00930694916313,0.0012061450684,-0.0348006421571,-0.476029606839,2.21276760101,0.700702607632,-0.792927861214,-0.472943603992,0.697258770466,-0.0862271487713
2017/07/09/10:03:44.395082,420906,1499565827,199139946,,0.795736094912,0.262955113634,0.166197171723,0.686044069416,0.724823214386,0.039819933341,0.0488796032607,0.015163696746,-0.364787794193,0.0115988798733,-0.0242366605765,-0.0327934066334,-0.507340171643,2.49350881577,1.6628742218,-1.2372045517,-0.959878742695,0.793469190598,-0.182849526405
2017/07/09/10:03:44.405133,420907,1499565827,209145681,,0.79590458653,0.260218200686,0.16584956137,0.687294746029,0.723638752534,0.039719352926,0.0489414028845,0.00768835145643,-0.362343058302,0.00077092276581,-0.0229095159077,-0.00791099818407,-0.519245176247,2.01944351196,1.97246837616,-1.07964301109,-1.04121279716,0.590992867947,-0.19610196352
2017/07/09/10:03:44.414799,420908,1499565827,219147200,,0.795726419209,0.256860980468,0.166117813944,0.68901036335,0.722006537067,0.0393512722048,0.0492215095757,0.00185241212157,-0.368344855849,0.00454628398859,-0.0317444448198,-0.00332469791232,-0.496973673327,1.00977647305,1.02683973312,-0.876654267311,-0.426419496536,0.237914770842,-0.00619009509683
2017/07/09/10:03:44.424740,420909,1499565827,229144185,,0.796121539397,0.252884340718,0.166477342088,0.690509052386,0.720531879503,0.0393528755052,0.0498237933372,0.0114950877366,-0.38707233265,0.0170878627949,-0.0603430038971,-0.0431772689654,-0.495554067955,-0.00536864250898,-0.0156693533063,-0.97172242403,0.109038241208,-0.123526893556,0.0893889814615
2017/07/09/10:03:44.434790,420910,1499565827,239145800,,0.796121723152,0.248584816269,0.16643684361,0.69211185578,0.718982864263,0.0386900830625,0.0504767021282,0.0111624527553,-0.390287081773,0.0163577274304,-0.0736705542947,-0.0497960995253,-0.475321833289,-0.459492981434,-0.914984405041,-1.03478598595,0.533451795578,-0.216834634542,0.153544038534
2017/07/09/10:03:44.444985,420911,1499565827,249144923,,0.79618201879,0.245802270097,0.166456495147,0.693980808302,0.717169454669,0.0389863405563,0.0503852780989,0.0123452959767,-0.374387551459,0.0127534429605,-0.0548546460277,-0.0576932595861,-0.462900564274,-0.838752925396,-1.25535523891,-0.986689507961,0.666449666023,-0.34860432148,0.191714644432
2017/07/09/10:03:44.454739,420912,1499565827,259139083,,0.796198675845,0.241760665653,0.166793399714,0.696007389765,0.715172819666,0.0390801982114,0.0507374566841,0.0104660831681,-0.377192064934,0.0232612684205,-0.0189853086944,-0.0543580517793,-0.532733874117,-0.95321148634,-1.05313682556,-1.04574751854,0.482956916094,-0.374764531851,0.132070615888
2017/07/09/10:03:44.464889,420913,1499565827,269143385,,0.796789917752,0.238501986432,0.167141835956,0.697664767968,0.713503308219,0.0392302744365,0.0513603569328,0.00553968432851,-0.360149744338,0.0120163982723,0.0142722376585,-0.0424478092077,-0.518181086977,-0.73856985569,-0.347133457661,-0.948869943619,0.0670302510262,-0.269695520401,0.0355457849801
2017/07/09/10:03:44.474796,420914,1499565827,279143212,,0.796482926535,0.235029114643,0.166900602188,0.699239308474,0.711971396913,0.0389673430386,0.0514068637287,0.00401373572437,-0.350015164584,0.00204944887838,0.0214027728863,-0.0340009899226,-0.487099473225,-1.88574719429,-0.359102547169,-1.13882660866,0.106404364109,-0.705102741718,0.0649652332067
2017/07/09/10:03:44.484786,420915,1499565827,289139560,,0.796271649983,0.232093667374,0.166753044853,0.701020023207,0.710247213961,0.0390022164944,0.0509769480443,-0.00525389596635,-0.371215963001,0.0121428207731,-0.0207125110794,-0.0194890497082,-0.50160641119,-2.82373118401,-0.0710861459374,-1.15404248238,-0.0322174243629,-1.07828688622,0.0335131473839
2017/07/09/10:03:44.494733,420916,1499565827,299143588,,0.796137595815,0.228332049573,0.166736185137,0.70271593523,0.708566024206,0.0386726171947,0.0512731157087,-0.00966957886947,-0.366395287029,0.0033642020907,-0.0302209772129,-0.00173195961664,-0.481188714731,-3.24807286263,-0.540976822376,-1.17064738274,0.227942556143,-1.24425029755,0.109855897725
2017/07/09/10:03:44.504939,420917,1499565827,309143756,,0.795927997901,0.224351275975,0.166552567148,0.704350661622,0.70693855455,0.0382430942531,0.051628396309,-0.00896889165947,-0.388901112193,0.00621893598122,-0.0405823528257,-0.0181590863418,-0.51640963557,-2.96159338951,-0.725591421127,-0.854523122311,0.358692467213,-1.11062562466,0.134350791574
2017/07/09/10:03:44.514721,420918,1499565827,319147247,,0.795777828325,0.221484897322,0.166969128562,0.70558593148,0.705685080525,0.038378018842,0.0518091506524,-0.0024035636397,-0.374908446064,0.0034016800594,-0.0223759641735,-0.0268000779864,-0.516063860916,-2.45697879791,-0.504735708237,-0.648954629898,0.238826066256,-0.864683330059,0.0891192108393
2017/07/09/10:03:44.524941,420919,1499565827,329140315,,0.795923219825,0.216901162732,0.166855332233,0.707965898741,0.703279850362,0.0380665712127,0.0522749887697,-0.0138063229862,-0.343793219174,0.00701259966891,-0.0161670439069,-0.0152459021002,-0.449166539722,-2.88226556778,-0.746647357941,-0.123348079622,0.310283780098,-1.05285215378,0.134949892759
2017/07/09/10:03:44.534768,420920,1499565827,339147095,,0.795684976078,0.213969883278,0.167043911746,0.709091781137,0.702169872337,0.037547686279,0.0523114477083,-0.00134358352291,-0.350264584884,0.0244540990283,-0.0157910228337,-0.0392203634238,-0.473417897237,-4.04339838028,-0.773836612701,0.235621124506,0.285680502653,-1.48614060879,0.110457494855
2017/07/09/10:03:44.544895,420921,1499565827,349141704,,0.795581492379,0.210767645493,0.167378939429,0.710806491672,0.700403242508,0.0376709764325,0.0526338941675,-0.0180430115952,-0.37418864703,0.0132778236576,-0.0203564328243,-0.00339870310808,-0.509186773585,-4.18086290359,-0.463086366653,0.218933910131,0.186492294073,-1.55473017693,0.129040777683
2017/07/09/10:03:44.555060,420922,1499565827,359148624,,0.796318827725,0.207067541077,0.168003906674,0.71266085052,0.698421056827,0.0384988811269,0.0532951749126,0.000285771811318,-0.386168015997,0.0161310197078,-0.0210890073383,-0.0468370974584,-0.53223962767,-4.65522384644,-0.0372011438012,0.210052832961,-0.0238668043166,-1.75137281418,0.0258051231503
2017/07/09/10:03:44.564873,420923,1499565827,369145530,,0.796136234425,0.203474880163,0.167442681688,0.714170231191,0.696895665099,0.0383473282301,0.0531676148065,0.00585575300849,-0.38199667322,0.00607997254437,0.00394868381026,-0.0577216249451,-0.53741135917,-6.14295578003,-0.152665391564,0.508391797543,0.109815046191,-2.28023648262,0.128108605742
2017/07/09/10:03:44.575064,420924,1499565827,379146946,,0.796250891171,0.199818737079,0.167706047336,0.715798929527,0.695181082666,0.0380837995368,0.0538960017416,0.00726522692753,-0.38148989835,0.0213622521995,-0.0229951973379,-0.075831715734,-0.521625354589,-6.66128158569,-0.565586864948,0.93385976553,0.293384999037,-2.45072841644,0.18402993679
2017/07/09/10:03:44.585118,420925,1499565827,389145182,,0.795963629378,0.196025227256,0.168136708745,0.717421337176,0.693485061108,0.0376929531541,0.0544457185319,-0.00346970043105,-0.369258843997,0.0153936144337,-0.0398492883936,-0.0420967357518,-0.482779821904,-6.24905920029,-0.258497595787,0.960962951183,0.277321100235,-2.31524515152,0.170794814825
2017/07/09/10:03:44.595078,420926,1499565827,399139596,,0.796331536891,0.192969384819,0.168405631277,0.718826874815,0.69198903533,0.037804797164,0.0548625221574,0.00611663905052,-0.363901367358,0.0294516974007,-0.0451283385747,-0.0658790319709,-0.482752387825,-6.89950275421,-0.391813397408,1.06229424477,0.410708338022,-2.58158683777,0.223813951015
2017/07/09/10:03:44.604692,420927,1499565827,409138621,,0.795989471919,0.189195976859,0.168484555814,0.720830964063,0.68990671494,0.0375973246329,0.0549352992982,0.00983925325344,-0.377257632591,0.0307139303555,-0.0611604351189,-0.0700026435332,-0.505452196766,-6.98778009415,-0.709346115589,0.839540839195,0.410353779793,-2.70068120956,0.179003745317
2017/07/09/10:03:44.615044,420928,1499565827,419147528,,0.796794956084,0.186067640522,0.169739346975,0.7218841278,0.688673471362,0.0381081743354,0.0562131917069,-4.04417320317e-05,-0.399093766456,0.0274163281528,-0.0778710238597,-0.0408734716694,-0.527592947711,-7.51734828949,-0.353735387325,1.0519695282,0.432555347681,-2.9819521904,0.238698422909
2017/07/09/10:03:44.625106,420929,1499565827,429138522,,0.796335751067,0.182461278605,0.168648271044,0.723986551045,0.686528770127,0.0374438220843,0.0558541124829,0.00425343946764,-0.339505647521,0.0158764508207,-0.0380564609397,-0.0396509717217,-0.468218495005,-7.93323516846,-0.559562802315,0.579395234585,0.44640648365,-3.17305636406,0.261612296104
2017/07/09/10:03:44.634868,420930,1499565827,439138840,,0.796689537136,0.179617792421,0.169397324112,0.725367449722,0.685010196398,0.0376113787929,0.0564666087231,0.0160266597981,-0.340178521119,0.0271809583645,-0.0468309217847,-0.0725359852185,-0.469564415886,-7.92631053925,-0.633008420467,1.03112268448,0.543624818325,-3.17244672775,0.297636985779
2017/07/09/10:03:44.644882,420931,1499565827,449145160,,0.796636518736,0.175157387101,0.16936289483,0.727082056591,0.68316704133,0.0369339735903,0.0571870458976,0.0192217239922,-0.373010125054,0.0313335534735,-0.0728399409699,-0.0858293067694,-0.503874645967,-7.61608219147,-1.00432670116,0.825657963753,0.505699515343,-3.06963682175,0.256296366453
2017/07/09/10:03:44.654980,420932,1499565827,459140128,,0.796932453676,0.171302509465,0.169906379897,0.728855855967,0.681197065059,0.0369307720826,0.0581017887015,0.0209395020038,-0.382884150002,0.0410704137633,-0.109027068349,-0.0913348556713,-0.485097778996,-7.96775007248,-1.00098001957,0.628791213036,0.448532879353,-3.26533555984,0.24400767684
2017/07/09/10:03:44.665043,420933,1499565827,469145915,,0.796598846049,0.167929438436,0.169643647501,0.730257748127,0.679724730064,0.0361076239856,0.0582593522982,0.016708697198,-0.393060855281,0.0341513720078,-0.11881184433,-0.0803932058516,-0.488294973006,-8.91164016724,-0.672770261765,0.574249625206,0.381247699261,-3.69327092171,0.28791359067
2017/07/09/10:03:44.674770,420934,1499565827,479145212,,0.797694110974,0.164101776101,0.170490842519,0.731568847848,0.678144041151,0.0364175837626,0.060011997996,0.0201786463457,-0.357511296889,0.0328887000213,-0.126787053328,-0.0748070458096,-0.445666773371,-8.45792484283,-0.586965978146,0.449133217335,0.318978339434,-3.63132762909,0.261890858412
2017/07/09/10:03:44.684806,420935,1499565827,489145330,,0.797853900274,0.160355938232,0.171129354163,0.733038958615,0.67648775242,0.0360310349446,0.0609915608806,0.0295462055424,-0.399583838795,0.0365335265799,-0.145020687872,-0.101298667634,-0.483478390155,-8.47457504272,-0.672873139381,0.385275274515,0.336245805025,-3.62339472771,0.294957727194
2017/07/09/10:03:44.694775,420936,1499565827,499137901,,0.798451151651,0.156869576355,0.171396168367,0.734313982018,0.675018489645,0.0360024271234,0.0619422286532,0.0350670571171,-0.391882217046,0.04417136002,-0.162442378256,-0.115441744675,-0.464189644507,-8.98565483093,-0.648472368717,0.330733120441,0.415061205626,-3.84943556786,0.301297843456
2017/07/09/10:03:44.704826,420937,1499565827,509170274,,0.798531792935,0.152835907933,0.172039852415,0.735904995324,0.673213806995,0.0355956100241,0.0629282168389,0.0363797285513,-0.393112954637,0.043941271003,-0.189036500381,-0.123200720297,-0.448442223912,-8.99587345123,-0.855531513691,0.658208787441,0.583662986755,-3.83412003517,0.395752161741
2017/07/09/10:03:44.714831,420938,1499565827,519143200,,0.798852099854,0.149105194879,0.17227514412,0.736960877923,0.671963688651,0.0349165933108,0.0642984996486,0.0272886739005,-0.392768813476,0.0458265895434,-0.173561757037,-0.107768710907,-0.4517230322,-9.55736923218,-0.688755810261,0.267467021942,0.626922488213,-4.11210775375,0.417612433434
2017/07/09/10:03:44.724848,420939,1499565827,529145268,,0.79926646692,0.145922590811,0.172815514746,0.737886392734,0.670855279595,0.0345965409108,0.0654212856394,0.0240894619299,-0.369873112513,0.0377971904047,-0.193993220813,-0.0830505415677,-0.410464346747,-9.4708738327,-0.30865162611,0.107610806823,0.44586455822,-4.13203287125,0.407579451799
2017/07/09/10:03:44.734821,420940,1499565827,539145178,,0.799527220317,0.141850606501,0.17328734776,0.739306976162,0.669203067389,0.0340125317511,0.0666002798722,0.042087557401,-0.367958938378,0.0447590143809,-0.212117590256,-0.113627552893,-0.403438184063,-9.86118793488,-0.865851700306,0.511742889881,0.509144127369,-4.32748556137,0.432980209589
2017/07/09/10:03:44.744883,420941,1499565827,549140007,,0.799663012121,0.139010283507,0.173210141399,0.740304804396,0.668052531601,0.0332792027835,0.0674322346689,0.033593032104,-0.414970593942,0.0514932537354,-0.255746787807,-0.103528719038,-0.437201009027,-9.90214633942,-0.53069204092,0.0525103323162,0.346157878637,-4.35346841812,0.370252132416
2017/07/09/10:03:44.754808,420942,1499565827,559154795,,0.799984153269,0.134917197514,0.173589622282,0.741744397727,0.66636451428,0.0327217720064,0.068577461216,0.0344474070423,-0.408139857246,0.0368275811151,-0.286924577147,-0.0931043966857,-0.424651160203,-9.42073154449,-0.279049158096,0.373273193836,0.242760807276,-4.1369805336,0.380485355854
2017/07/09/10:03:44.764877,420943,1499565827,569144900,,0.80023147798,0.131142999035,0.174039550655,0.743251788441,0.664589052735,0.0320666390355,0.0697846732847,0.00843752247246,-0.408005885506,0.0196949510027,-0.279768937173,-0.0244584930687,-0.414062799205,-9.45212364197,-0.448117494583,0.0569327995181,0.360167622566,-4.22321510315,0.415405988693
2017/07/09/10:03:44.774772,420944,1499565827,579145730,,0.800185818232,0.127173272502,0.174494168608,0.7442187051,0.663447757644,0.0306041369204,0.0709857637866,0.00969043349879,-0.401565208861,0.0290330273472,-0.299327839086,-0.0113631321733,-0.4032162767,-9.2327375412,-0.296429038048,0.632863879204,0.322677433491,-4.15873861313,0.422664523125
2017/07/09/10:03:44.786466,420945,1499565827,589142881,,0.800632677354,0.123333245022,0.174800630487,0.745462418341,0.661937492834,0.0298512454822,0.0723425294327,-0.00908308193807,-0.402726865614,0.0184756689397,-0.306231818651,0.0447198065151,-0.381084607926,-9.30547428131,-0.219644516706,0.039011195302,0.291426569223,-4.22850084305,0.425641566515
2017/07/09/10:03:44.795249,420946,1499565827,599175656,,0.799394177391,0.119048523299,0.174392526443,0.746596820137,0.66073090627,0.0271759848944,0.0727277354666,0.000329647131764,-0.402926607135,0.0387030188413,-0.32423796785,0.0240648927002,-0.408729489842,-10.2872133255,-0.101878657937,-0.168877691031,0.229183614254,-4.62986803055,0.478239476681
2017/07/09/10:03:44.805564,420947,1499565827,609145661,,0.79944637144,0.115967909555,0.174830742461,0.747393106116,0.659775863652,0.0258288491627,0.0737036310005,-0.0182403310466,-0.37511272407,0.0307138937254,-0.30404776197,0.088576936189,-0.388442688455,-10.0359869003,-0.0667594596744,-0.358540505171,0.27926632762,-4.54335021973,0.518540263176
2017/07/09/10:03:44.814906,420948,1499565827,619139286,,0.798903893556,0.11172757058,0.175210794692,0.748730758282,0.658257600996,0.0239845692053,0.0743230971705,-0.0439916689787,-0.381296384655,0.0177194333005,-0.322937673946,0.162349599094,-0.365317499808,-9.85218524933,-0.690238595009,-0.496543824673,0.382910817862,-4.50139093399,0.519300758839
2017/07/09/10:03:44.825146,420949,1499565827,629145664,,0.797969765564,0.107403507136,0.174759240884,0.750146282787,0.656676937132,0.0214232234052,0.0748131015255,-0.0467323807569,-0.373035456013,0.012057317595,-0.347472708127,0.19622876654,-0.340838200158,-9.09660053253,-0.809161543846,-0.199547469616,0.36374565959,-4.11967277527,0.48670309782
2017/07/09/10:03:44.834934,420950,1499565827,639151402,,0.798279219089,0.105153157718,0.175656636555,0.750270919229,0.656457325899,0.0200148315158,0.0758731411731,-0.0690754973295,-0.399735753691,0.00791187173124,-0.401497903853,0.251943503425,-0.336010942093,-8.44829654694,-0.158144101501,0.174146324396,0.158250510693,-3.895819664,0.431897878647
2017/07/09/10:03:44.845357,420951,1499565827,649141397,,0.796754857986,0.100681571175,0.175204783675,0.751522641264,0.655084896032,0.0166092791727,0.0761684350879,-0.0715767147875,-0.399363146018,0.0221824719961,-0.40611971505,0.268032887209,-0.344862123055,-8.68373012543,-0.176134511828,-0.405929177999,0.197820574045,-3.94072008133,0.46507024765
2017/07/09/10:03:44.854813,420952,1499565827,659142060,,0.796490092242,0.0970212537157,0.175847451629,0.752349915328,0.654077503394,0.0145143739528,0.0770814984779,-0.0940020249936,-0.386593478772,0.0142930835267,-0.429318634975,0.348630563324,-0.334995495052,-8.54855251312,-0.279051929712,0.0721324235201,0.212551623583,-3.92458605766,0.461094528437
2017/07/09/10:03:44.864987,420953,1499565827,669152116,,0.795235478876,0.0930467984433,0.175701828696,0.753395575321,0.652913136416,0.0113989748786,0.077263230289,-0.0995872588182,-0.38079139281,0.0115717769299,-0.406760736729,0.3627343018,-0.336612930062,-8.83591938019,0.193564087152,-0.15168954432,0.0318541526794,-3.95839238167,0.463815152645
2017/07/09/10:03:44.874746,420954,1499565827,679149537,,0.793580640937,0.0894825987105,0.174972033289,0.753922026461,0.652397840689,0.00759769222029,0.0769474532006,-0.101874021967,-0.377640571027,0.00788805488179,-0.400029875635,0.377061672042,-0.331881744198,-9.4638338089,-0.0153696462512,-0.862078726292,-0.0223813503981,-4.14920377731,0.454852104187
2017/07/09/10:03:44.884791,420955,1499565827,689151929,,0.793122748491,0.0861923479807,0.175533776957,0.755162820841,0.650938185311,0.00562295962362,0.0773108999304,-0.107589507069,-0.356372863355,0.00553649472141,-0.415132140468,0.419008737643,-0.293902086416,-8.88057231903,0.316258043051,-0.516155958176,0.0089817866683,-3.9639441967,0.484830200672
2017/07/09/10:03:44.894812,420956,1499565827,699147659,,0.791990079463,0.0827361134948,0.175677964825,0.755621962685,0.650397308939,0.00235129556731,0.077545221917,-0.125678510123,-0.363648960382,0.0109708994083,-0.449545439683,0.468673608879,-0.296594618614,-8.50789260864,0.033666357398,-0.565096735954,0.0467751584947,-3.83340215683,0.492044687271
2017/07/09/10:03:44.904667,420957,1499565827,709142111,,0.790524858603,0.0783035639382,0.175872426284,0.756478146574,0.649345415551,-0.00145665608358,0.078033474942,-0.121893846653,-0.370330481176,0.00673325096615,-0.457108585603,0.472295553705,-0.278932764145,-8.25104045868,-0.356716990471,-0.514984607697,0.0642362758517,-3.73959493637,0.477408975363
2017/07/09/10:03:44.915054,420958,1499565827,719145149,,0.789767745052,0.075528690019,0.175855949599,0.756912068305,0.648777336949,-0.00450382059126,0.0784334336653,-0.12322894665,-0.382668161223,0.0148515024171,-0.494110449894,0.479126944672,-0.287694279083,-7.6072177887,0.0143589377403,-0.623560130596,-0.0309057682753,-3.53952622414,0.458504676819
2017/07/09/10:03:44.924737,420959,1499565827,729154744,,0.789232418765,0.0722506104746,0.176700957212,0.757256576058,0.648268175987,-0.00734468701847,0.0791006042446,-0.10745108428,-0.382951429019,0.0309005747833,-0.521576936461,0.444473936859,-0.268008258021,-6.36649084091,0.500845909119,-0.757978796959,-0.0456677190959,-3.01532864571,0.410541296005
2017/07/09/10:03:44.935033,420960,1499565827,739146282,,0.787195427754,0.0688715246338,0.175367314107,0.758010913396,0.647405934595,-0.0117062726146,0.0784090186415,-0.120026873274,-0.368139155503,0.0164135281882,-0.509199758631,0.482722682354,-0.270571954316,-5.66605424881,0.497169911861,-1.34103369713,-0.139171421528,-2.69414901733,0.340864062309
2017/07/09/10:03:44.945067,420961,1499565827,749139891,,0.785944946944,0.0642471399377,0.176026214752,0.759052499219,0.646017828932,-0.0153894495157,0.0791418534933,-0.123016980565,-0.354817797166,0.0054807937524,-0.518649761941,0.519511661682,-0.27214668494,-4.86346673965,-0.20593123138,-0.488891333342,0.0206520818174,-2.2870516777,0.314852416515
2017/07/09/10:03:44.954665,420962,1499565827,759137689,,0.784658844508,0.0615843500466,0.175746986432,0.75929015119,0.645641071864,-0.0192402015026,0.0790941671304,-0.126100917482,-0.382335506439,0.00691152321106,-0.555481298111,0.5251678806,-0.281594068192,-4.30446910858,0.332844734192,-0.180890649557,0.0085576698184,-2.03102254868,0.29098045826
2017/07/09/10:03:44.964984,420963,1499565827,769139204,,0.78337520118,0.057187802604,0.176062099439,0.759800018079,0.644814099356,-0.0233271836514,0.0798407934644,-0.121287347416,-0.406631521406,0.0260986659842,-0.619459754843,0.513608465504,-0.255873751927,-4.65565633774,0.207168549299,0.184707179666,-0.0887801870704,-2.09258103371,0.26949185133
2017/07/09/10:03:44.975116,420964,1499565827,779143467,,0.782116569105,0.0524521140193,0.176557929393,0.76062947966,0.643572567086,-0.0275192621244,0.0806215590214,-0.135356558216,-0.406809773283,0.0381588850922,-0.630163909589,0.556352186002,-0.264690373606,-4.35085582733,-0.427265316248,0.368361890316,0.0570413060486,-1.97314226627,0.308681368828
2017/07/09/10:03:44.985217,420965,1499565827,789146837,,0.781490519134,0.0506746962755,0.176939902361,0.760547212431,0.643495763051,-0.0306909085771,0.0808653741017,-0.134731431555,-0.361980170267,0.0260861362243,-0.566553110878,0.57833695214,-0.260055162781,-3.79104995728,0.582543730736,-0.239190131426,-0.123160138726,-1.92109787464,0.319336473942
2017/07/09/10:03:44.995152,420966,1499565827,799138946,,0.779834172016,0.0465647848488,0.177840213373,0.761648391587,0.641966986544,-0.0345894533136,0.0810782677473,-0.134151199281,-0.345971954614,0.0334280857354,-0.549509903847,0.573878310713,-0.239557352056,-3.09757614136,-0.331885129213,-0.38745161891,0.0020117610693,-1.50986158848,0.278100937605
2017/07/09/10:03:45.005007,420967,1499565827,809156627,,0.778806269471,0.043987082925,0.177795946847,0.761430570362,0.641996834296,-0.0385169334702,0.0811171813353,-0.128495403396,-0.351374786331,0.0505383997333,-0.582268885714,0.562848109378,-0.232854780964,-0.347318351269,0.400389015675,-0.377944260836,-0.128707915545,-0.501784563065,0.0240487717092
2017/07/09/10:03:45.015006,420968,1499565827,819145485,,0.777732594604,0.0404360965855,0.178052899196,0.761749944197,0.641302322657,-0.0424699386168,0.0816373553181,-0.127373323678,-0.363267474552,0.0473587887777,-0.599037798267,0.559382093634,-0.263625627715,-0.403304934502,-0.0945446044207,-0.515282332897,0.0162599980831,-0.439445853233,0.0631093606353
2017/07/09/10:03:45.024961,420969,1499565827,829139897,,0.776015157099,0.0363623644365,0.17823888667,0.762247452798,0.640376923479,-0.0468467716565,0.0818632797064,-0.13770532797,-0.338237896818,0.0559837453675,-0.566546112638,0.582221643059,-0.236837430929,-1.78077578545,-0.690091371536,0.0609267875552,0.133309751749,-0.91419672966,0.151482909918
2017/07/09/10:03:45.034915,420970,1499565827,839149043,,0.775180400665,0.033511545232,0.179402751296,0.762519051225,0.639718394232,-0.0502813805108,0.0824430432121,-0.132566163388,-0.337326563883,0.0670260525237,-0.570732666685,0.564089141604,-0.219369730334,-2.55624198914,-0.357215881348,0.179494559765,0.0556039474905,-1.16274344921,0.218956410885
2017/07/09/10:03:45.044791,420971,1499565827,849146631,,0.774348470864,0.0319755414474,0.179768005848,0.762474104232,0.63951625021,-0.0535946167019,0.0823396815292,-0.129008472511,-0.327982595579,0.0687128915476,-0.558245031445,0.554196890409,-0.235890729263,-1.43380105495,0.528354227543,0.290384978056,-0.0481629818678,-0.73403275013,0.154403313994
2017/07/09/10:03:45.054762,420972,1499565827,859140507,,0.772580809993,0.027631891703,0.180923309943,0.763364557706,0.638020467633,-0.0579949761862,0.0827104446678,-0.133510125414,-0.320560340066,0.0706312906792,-0.561147969188,0.564393446222,-0.23263875764,-1.12110280991,0.0927507057786,0.595269680023,-0.0829756334424,-0.605782449245,0.115671508014
2017/07/09/10:03:45.064865,420973,1499565827,869139707,,0.771283219094,0.0251887081753,0.181210393017,0.763402719765,0.637654440435,-0.0616440781198,0.0825415633567,-0.132595799791,-0.331057170546,0.0737497023718,-0.55894741042,0.551675386432,-0.263881678169,0.774324059486,0.206360831857,-0.0781082734466,-0.0417211391032,0.160893708467,-0.0353851169348
2017/07/09/10:03:45.074757,420974,1499565827,879138637,,0.769946220713,0.021774660494,0.181799882344,0.763778176877,0.636692173527,-0.0658679230026,0.0832309402533,-0.135766519151,-0.331401372022,0.0781169059743,-0.571036050695,0.56062129506,-0.261520729455,1.04682278633,-0.279840409756,-0.137413978577,0.0596267618239,0.261601507664,-0.0382625386119
2017/07/09/10:03:45.084710,420975,1499565827,889141054,,0.768764275344,0.0185451617116,0.182774365606,0.764436058314,0.63552549982,-0.069195705593,0.0834074706252,-0.126847285785,-0.323309190598,0.0772979764154,-0.541464918712,0.5355606451,-0.265162773777,2.02674031258,-0.320790231228,-0.196373522282,0.116108357906,0.585462033749,-0.125854283571
2017/07/09/10:03:45.094872,420976,1499565827,899144101,,0.767468980518,0.0146416479377,0.183740583011,0.765290533327,0.634018838597,-0.0728522136504,0.08392298178,-0.133488704549,-0.315291341121,0.0834151959539,-0.542094258572,0.544273265662,-0.273897451604,1.24386620522,-1.3822876215,0.0042739007622,0.323565334082,0.291632950306,-0.0601326152682
2017/07/09/10:03:45.105359,420977,1499565827,909139451,,0.766666041204,0.0125615789595,0.184595199846,0.765218135104,0.633645540985,-0.076378580142,0.0842665211893,-0.14096581794,-0.323714876368,0.0921048051395,-0.538781347775,0.541752537344,-0.282075403856,1.8495002985,0.435590445995,-0.0850583612919,-0.0151382535696,0.425159394741,-0.0777546167374
2017/07/09/10:03:45.114764,420978,1499565827,919164621,,0.764545023529,0.0098743421853,0.18453104008,0.765755627795,0.632649389165,-0.0802410929324,0.0832732603823,-0.133022584609,-0.285927122143,0.0825223249513,-0.483187003197,0.525881810778,-0.278111896581,2.45076227188,-0.226107284427,-0.00737846270204,0.165140092373,0.742990374565,-0.149876639247
2017/07/09/10:03:45.124776,420979,1499565827,929138954,,0.764403349168,0.00726427846282,0.186367131238,0.766358776936,0.631495610874,-0.0824183106131,0.0843489213731,-0.137451694154,-0.287468227926,0.0785274019902,-0.45898588163,0.516441957993,-0.302264690769,3.61255383492,-0.387071013451,0.290241569281,0.0819496065378,1.14900314808,-0.272483825684
2017/07/09/10:03:45.134823,420980,1499565827,939138147,,0.763476389433,0.00503500631823,0.186977190772,0.766599299766,0.630812137355,-0.0854199966573,0.0842910738754,-0.119016637049,-0.278282058731,0.0847620320483,-0.440034475383,0.461674789518,-0.288600826954,3.54725694656,-0.0905511304736,0.736108660698,0.0848716050386,1.10294699669,-0.248019099236
2017/07/09/10:03:45.145221,420981,1499565827,949144534,,0.761405131383,0.00184252274278,0.18751711783,0.767335344405,0.62939626181,-0.0893376029749,0.0841166305858,-0.128082470208,-0.284524546578,0.0966224208601,-0.431461738511,0.446730676309,-0.331561698188,3.8291592598,-0.687389314175,0.164149820805,0.222551465034,1.34839046001,-0.325545221567
2017/07/09/10:03:45.155051,420982,1499565827,959143023,,0.76004171393,-0.000869182637376,0.188013626612,0.768131407458,0.628057788705,-0.0922021911663,0.0837634220114,-0.135023924147,-0.261175059591,0.0896451199835,-0.387633758325,0.461231582302,-0.329074495204,3.75420022011,-1.03410363197,0.088355794549,0.346617609262,1.33195817471,-0.306047856808
2017/07/09/10:03:45.164760,420983,1499565827,969152986,,0.758857146964,-0.00282588632759,0.188640066588,0.768755571321,0.626955935228,-0.0948180718355,0.0833706189194,-0.140252153925,-0.262104433782,0.0853333938958,-0.375927675778,0.469011632805,-0.35374612691,4.75114345551,-0.969790220261,-0.117096014321,0.34144538641,1.65427458286,-0.417126476765
2017/07/09/10:03:45.174883,420984,1499565827,979189502,,0.757408434165,-0.00527357149115,0.189492492711,0.769298768109,0.625807675269,-0.0980946756136,0.0831961151545,-0.130686215688,-0.255533063041,0.08723325799,-0.366830450777,0.448931376746,-0.319210901914,4.96585798264,-0.69878757,-0.394512653351,0.274603128433,1.7629673481,-0.440586835146
2017/07/09/10:03:45.185030,420985,1499565827,989145075,,0.756245225053,-0.00796682308641,0.190384175411,0.769990527869,0.624576618249,-0.100490194029,0.0831886761034,-0.143866951304,-0.251014051718,0.076119569973,-0.353052867905,0.477938883085,-0.32373491265,5.05895757675,-1.02864062786,-0.154647618532,0.442505776882,1.76382291317,-0.440788477659
2017/07/09/10:03:45.194929,420986,1499565827,999145564,,0.755490051647,-0.00951669149514,0.191170448704,0.770392417437,0.623768508269,-0.102616926494,0.0829345383062,-0.144975931475,-0.246849545146,0.0774214326311,-0.309304474675,0.443337712309,-0.353864201331,4.10642671585,-0.817706406116,0.469358950853,0.401213347912,1.37331795692,-0.36040443182
2017/07/09/10:03:45.204946,420987,1499565828,9140960,,0.753692791247,-0.0121561525077,0.192091474733,0.771672505786,0.621797652515,-0.10536929117,0.0823804322561,-0.125432298189,-0.240701394558,0.0996713449475,-0.302728219271,0.372928635722,-0.378357594328,4.2110710144,-0.0379607602954,0.394121706486,0.182620495558,1.41139626503,-0.368262171745
2017/07/09/10:03:45.214800,420988,1499565828,19146136,,0.752879031104,-0.0142664429419,0.193280121511,0.77241456269,0.620580743103,-0.107158492454,0.0822942411678,-0.116909153276,-0.215578445617,0.102106649249,-0.254755511039,0.338231617534,-0.365321900783,3.91734218597,-0.687413156033,0.863993406296,0.268406003714,1.32317495346,-0.364997178316
2017/07/09/10:03:45.225298,420989,1499565828,29150710,,0.751907083413,-0.015783723593,0.193813766516,0.773220551207,0.619376991669,-0.108828748717,0.0815991717769,-0.119987259618,-0.218105126196,0.0941293336082,-0.230314167226,0.339733014232,-0.366211235449,4.12122154236,-0.391563206911,0.519857645035,0.282145798206,1.39816427231,-0.373496353626
2017/07/09/10:03:45.234814,420990,1499565828,39145302,,0.75082734594,-0.0183042835285,0.194343625659,0.77438235649,0.617674387093,-0.11050943159,0.0812279694231,-0.126111859522,-0.20570065098,0.0742524161142,-0.189866796487,0.353460148454,-0.371749217144,4.94565343857,-0.875227808952,0.548132479191,0.462930798531,1.72556245327,-0.461433291435
2017/07/09/10:03:45.245037,420991,1499565828,49144298,,0.7490444798,-0.0202104144639,0.19511079941,0.775230376703,0.616254962483,-0.113126425138,0.0803124908615,-0.125293372816,-0.190480820034,0.0594932200213,-0.138027483002,0.335262472915,-0.416775189062,4.60539197922,-0.485897898674,0.851051986217,0.395068436861,1.62399470806,-0.438730716705
2017/07/09/10:03:45.254788,420992,1499565828,59141393,,0.748504881503,-0.0213855496325,0.19556988333,0.77604321462,0.615129185173,-0.114026673376,0.0798181204266,-0.112171830972,-0.175271889965,0.0715856878758,-0.0893964630838,0.282154882301,-0.383350065617,4.66949510574,-0.0767458751798,0.716637969017,0.314240098,1.59955358505,-0.430767267942
2017/07/09/10:03:45.264733,420993,1499565828,69140219,,0.746937041953,-0.0238953372322,0.19623358882,0.777369855454,0.613292164593,-0.11551637218,0.0788973791581,-0.0966494020028,-0.156329006038,0.0870273826665,-0.0563138897937,0.232748514125,-0.367951044843,3.41542553902,-0.843834102154,0.956946134567,0.432879328728,1.20571649075,-0.324945628643
2017/07/09/10:03:45.275074,420994,1499565828,79143669,,0.746041332217,-0.0253320281399,0.197279923856,0.778466735033,0.611857499743,-0.116262639102,0.078121323624,-0.106248610711,-0.161377231848,0.0878296675325,-0.0410972121407,0.227135578386,-0.399645029999,3.23846340179,-1.02542793751,0.549953937531,0.463459014893,1.12082135677,-0.30825984478
2017/07/09/10:03:45.284829,420995,1499565828,89144790,,0.745247404965,-0.0262059142966,0.198410941827,0.779189452414,0.610839188883,-0.117220706813,0.0774505549732,-0.112900094321,-0.168458565108,0.0785835072514,-0.0361644717148,0.232123185463,-0.405991537341,4.27131414413,-0.382542788982,1.17296922207,0.424887806177,1.36878752708,-0.373976171017
2017/07/09/10:03:45.294876,420996,1499565828,99145692,,0.744381595098,-0.0280568942641,0.199050694558,0.780448333627,0.609146606231,-0.118015188157,0.0768975033367,-0.108046382799,-0.164516418108,0.0692367730357,-0.00950638064059,0.212989010674,-0.408996789575,5.56975889206,-0.758302807808,0.340672492981,0.257481247187,1.88362443447,-0.475250571966
2017/07/09/10:03:45.304889,420997,1499565828,109144464,,0.743662506051,-0.0283957952793,0.1988947583,0.781011660412,0.608482054202,-0.118619192702,0.0754974379558,-0.103893070485,-0.156968117293,0.0663980824367,0.00191739060035,0.196142474732,-0.405589921001,5.62705469131,-0.723408579826,0.226281419396,0.0243600532413,1.87258028984,-0.470260739326
2017/07/09/10:03:45.314792,420998,1499565828,119143016,,0.74236102439,-0.0308408581349,0.199614607569,0.782006211823,0.606923911423,-0.120219730182,0.07521214588,-0.109261598663,-0.170546077298,0.0719778156037,-0.0469180390777,0.208732475566,-0.382822765213,4.72205543518,-1.24470055103,0.251017153263,0.117990761995,1.47436618805,-0.344662070274
2017/07/09/10:03:45.324981,420999,1499565828,129138036,,0.741566066819,-0.0328935624457,0.200870767584,0.782949389085,0.605508412958,-0.121143611828,0.0753262323653,-0.109540596805,-0.19831230382,0.0790751824084,-0.107295689231,0.199774480214,-0.368417770215,3.60504817963,-1.1994343996,0.479461252689,0.15447036922,1.05266737938,-0.309179276228
2017/07/09/10:03:45.334774,421000,1499565828,139145302,,0.739946253099,-0.0345441915955,0.201476495559,0.784079370883,0.603817241246,-0.122834145898,0.0744046499303,-0.107197070546,-0.181864840045,0.0740019809239,-0.113908676674,0.210009704106,-0.334897602674,3.52733755112,-1.23401010036,0.809013128281,0.242876186967,1.04347860813,-0.320185422897
2017/07/09/10:03:45.345144,421001,1499565828,149140579,,0.739306894504,-0.0366212971833,0.201932265996,0.785163149999,0.602339284981,-0.12326663679,0.0742398134869,-0.119262211244,-0.201234551473,0.073988987687,-0.0990117491024,0.18837905508,-0.405859616451,3.98217058182,-0.852343797684,0.705983042717,0.288348644972,1.1325854063,-0.331526815891
2017/07/09/10:03:45.354840,421002,1499565828,159146435,,0.738774902295,-0.03789167344,0.202829919229,0.786005945277,0.601239347914,-0.123475677482,0.0738894957385,-0.0995059436266,-0.172954553645,0.0681483050517,-0.0663108506868,0.15362102343,-0.370085384349,4.17681884766,-0.665495097637,0.640801489353,0.342016845942,1.23290014267,-0.390753298998
2017/07/09/10:03:45.364852,421003,1499565828,169145906,,0.737305393356,-0.0400149366893,0.203191524633,0.787044677668,0.599732772536,-0.124678673108,0.0730513885723,-0.105136637376,-0.167556396998,0.054810225254,-0.00626819950183,0.154070460956,-0.363575410829,4.1676363945,-0.631696283817,0.599161684513,0.336380660534,1.27592098713,-0.367709964514
2017/07/09/10:03:45.374865,421004,1499565828,179142404,,0.736074148546,-0.0415644906565,0.203649135392,0.787848375681,0.59852029659,-0.12575520601,0.0724846167686,-0.102341301216,-0.153396234385,0.0637642773114,-0.00367348215093,0.145362625274,-0.344750046757,2.41277813911,-0.504662394524,0.0252603925765,0.183443889022,0.690090894699,-0.222218960524
2017/07/09/10:03:45.384775,421005,1499565828,189138765,,0.735188556975,-0.0429490796447,0.204775143916,0.789256955019,0.596719146746,-0.12584052784,0.0718601448215,-0.113908836036,-0.169872159538,0.0716073096725,-0.0100270482622,0.135637759294,-0.388766350601,2.45655035973,-0.299784898758,0.656697034836,0.145357146859,0.658730268478,-0.207656741142
2017/07/09/10:03:45.394784,421006,1499565828,199138603,,0.734458382551,-0.0444995837031,0.205035990233,0.790006172354,0.595685747667,-0.126265393056,0.0714547981975,-0.106146699141,-0.166022392542,0.0665903859236,0.0189244517918,0.109338103512,-0.387375542204,2.34939098358,-0.235385775566,-0.151934057474,0.131747692823,0.65119600296,-0.18988469243
2017/07/09/10:03:45.404769,421007,1499565828,209145524,,0.734164176399,-0.0447998057925,0.20633705642,0.790767910077,0.594843536037,-0.125755904451,0.0709417544467,-0.101669278509,-0.144348815308,0.0599598305963,0.0278182534566,0.10813028278,-0.367871274884,2.72884202003,0.388443112373,0.346146583557,0.0145925432444,0.7245221138,-0.226264446974
2017/07/09/10:03:45.414833,421008,1499565828,219146381,,0.731952931244,-0.0469674972481,0.20571082449,0.791944520642,0.593132502189,-0.12726449962,0.0694367208874,-0.123453668714,-0.162888175731,0.0478247384843,0.0483840538286,0.136954474398,-0.376734111062,2.1570122242,-0.543005406857,-0.332516014576,0.176362901926,0.597314178944,-0.198493152857
2017/07/09/10:03:45.424768,421009,1499565828,229142155,,0.730678753271,-0.0487971061618,0.206128386992,0.792543352227,0.592161106053,-0.128351141074,0.0688929887937,-0.127440426139,-0.184652995227,0.0582838232575,0.0251351491795,0.127520522906,-0.390962829805,1.16576480865,0.203089609742,-0.521590292454,-0.0232791118324,0.203059285879,-0.0630087852478
2017/07/09/10:03:45.434784,421010,1499565828,239139242,,0.72960641276,-0.0499078590676,0.206607023305,0.793488323759,0.590920734138,-0.128673212618,0.0680600497924,-0.113352999604,-0.149430930564,0.0567623305006,0.0247845008013,0.122055308007,-0.342811782279,1.29281044006,-0.23769235611,-0.426051318645,0.0908168554306,0.212860420346,-0.0564601570368
2017/07/09/10:03:45.444828,421011,1499565828,249145788,,0.728760075064,-0.0519775915449,0.207316185316,0.794794335403,0.589189553039,-0.128736323246,0.0677096306143,-0.123175215106,-0.143209258219,0.0369129661211,0.0288459183778,0.150794162035,-0.357896471181,1.03379952908,-0.132715150714,0.466961860657,-0.0173328742385,0.0620504543185,-0.0520421862602
2017/07/09/10:03:45.454799,421012,1499565828,259137823,,0.727759466107,-0.0526551906296,0.20787577318,0.795618088062,0.588138808144,-0.128927386756,0.0668006680184,-0.116984036759,-0.143937886875,0.0481123152022,0.0359235381044,0.115753237319,-0.349594347017,0.813367605209,0.536682724953,0.156833410263,-0.104504242539,-0.0854373276234,0.0361107289791
2017/07/09/10:03:45.464896,421013,1499565828,269142464,,0.726188933311,-0.0547957299509,0.208092254093,0.796823813544,0.586399849074,-0.129739599113,0.0661412397597,-0.128297649896,-0.178810089659,0.0516185554145,0.0283013239836,0.107817950239,-0.379953923705,0.557094454765,-0.0810493528843,-0.343065798283,-0.0664661750197,-0.137725174427,-0.00668500550091
2017/07/09/10:03:45.474794,421014,1499565828,279144533,,0.724687686788,-0.0567704482675,0.208131430705,0.797608856136,0.585198158777,-0.130702213099,0.0654229246348,-0.123917036697,-0.166934687822,0.0416204184145,0.0277010021747,0.119222088822,-0.345946313939,-0.769244968891,0.416350126266,-1.07008385658,-0.201058164239,-0.615217924118,0.176698729396
2017/07/09/10:03:45.484774,421015,1499565828,289145787,,0.724260915903,-0.0578767949296,0.209443334353,0.79836663973,0.584243797455,-0.130359357547,0.0653936663748,-0.124447835357,-0.157009661933,0.0453047291192,0.0183192535087,0.125096298293,-0.327834443098,0.0432218722999,-0.0678424462676,-0.0575672574341,-0.0709791332483,-0.375109106302,0.0928135365248
2017/07/09/10:03:45.495003,421016,1499565828,299142872,,0.722682143649,-0.0603063693929,0.209792379291,0.799494473234,0.582604618784,-0.131083184627,0.06478922864,-0.113170765564,-0.16275744441,0.058352784783,0.0154446409171,0.0788476837489,-0.332469268241,-0.33483093977,0.0773357078433,-0.890429496765,-0.184403955936,-0.476313203573,0.101218536496
2017/07/09/10:03:45.504994,421017,1499565828,309145236,,0.721089181082,-0.061190804789,0.20966419537,0.800083252409,0.581658979718,-0.132229567283,0.0636785840357,-0.118461599434,-0.157434967156,0.0351885658957,0.0263145081517,0.0995559766687,-0.325419392276,0.150505200028,-0.155686169863,-0.990598142147,-0.0236528217793,-0.294778615236,0.077953197062
2017/07/09/10:03:45.514759,421018,1499565828,319139021,,0.720367873821,-0.0631237044011,0.210617593027,0.801245664941,0.58007019544,-0.1321098014,0.0638040214166,-0.121455799507,-0.147449801633,0.0326482729755,0.0400255689752,0.104588528183,-0.322970122865,-0.245997041464,-0.276099979877,-0.609585225582,-0.00183582585305,-0.514004290104,0.105641975999
2017/07/09/10:03:45.524952,421019,1499565828,329150699,,0.719715064886,-0.0644391352143,0.210836966841,0.801916357805,0.579243379853,-0.131909492701,0.0633020356454,-0.114228983458,-0.172552276505,0.0454725325396,0.0098624183626,0.0706949013305,-0.324096433738,-0.950002372265,-0.196592763066,-0.32176566124,-0.0184791870415,-0.766613781452,0.181720882654
2017/07/09/10:03:45.534755,421020,1499565828,339138393,,0.718191193174,-0.0656459235392,0.210717331748,0.802568223661,0.578221685804,-0.132927882984,0.0622423196924,-0.114065823578,-0.158408179662,0.0333171297084,0.0484762244177,0.0712046374781,-0.324630849416,-1.47287809849,0.258147478104,-0.913668692112,-0.138487070799,-0.930059611797,0.220606997609
2017/07/09/10:03:45.544777,421021,1499565828,349146735,,0.717015978964,-0.067347336978,0.210887962842,0.803636608695,0.57670923539,-0.133238235798,0.0618241983568,-0.115736404223,-0.167589176088,0.0245629281171,-0.00908909707623,0.0988342137888,-0.305783863521,-1.99902546406,0.32942044735,-1.01814615726,-0.315863192081,-1.02379631996,0.25263980031
2017/07/09/10:03:45.554836,421022,1499565828,359146445,,0.716567778036,-0.0682974241571,0.211525130717,0.80416384717,0.576022597037,-0.133076686003,0.0617176656295,-0.109110126133,-0.14823989098,0.0285207424682,0.0140320300978,0.0747160500918,-0.314753459333,-2.81196212769,1.05450940132,-0.70044106245,-0.418040454388,-1.40754032135,0.363474547863
2017/07/09/10:03:45.564836,421023,1499565828,369138378,,0.715736757131,-0.0699343709824,0.211634739627,0.804743429157,0.575183286129,-0.133306782736,0.0614939205287,-0.101018508836,-0.147292512383,0.0360154350908,0.0121047422444,0.0529825853235,-0.280091720957,-2.93160581589,0.773980379105,-0.702897667885,-0.380587518215,-1.41811060905,0.352841109037
2017/07/09/10:03:45.574799,421024,1499565828,379144651,,0.714790837726,-0.0711432244383,0.212113878904,0.805697360703,0.573915524726,-0.133243405803,0.060983016033,-0.107668447368,-0.165366380473,0.0317729842716,0.00437552540172,0.0588507383258,-0.306839981957,-2.41742563248,0.904425442219,-0.938998699188,-0.337353944778,-1.22153222561,0.320286363363
2017/07/09/10:03:45.585201,421025,1499565828,389144551,,0.713727980234,-0.0732953847548,0.212213156747,0.806782947954,0.572313191677,-0.13365640412,0.0607852873709,-0.100037836684,-0.138842718077,0.0371917961516,0.0234250883961,0.0537825094659,-0.278336918227,-3.19682860374,0.873980879784,-1.02457904816,-0.425919085741,-1.52663755417,0.402473509312
2017/07/09/10:03:45.594779,421026,1499565828,399145829,,0.712474228715,-0.0752401525658,0.212614478328,0.807365923677,0.571335182149,-0.134413950558,0.0605744568238,-0.0903267831287,-0.141189103949,0.03146653646,0.0113633747484,0.0314316551653,-0.279998392402,-4.43801259995,0.149583011866,-1.23632609844,-0.354516685009,-1.93433368206,0.48562502861
2017/07/09/10:03:45.604886,421027,1499565828,409139830,,0.711685442586,-0.07526893642,0.212670119665,0.807937311307,0.570679942717,-0.134266112334,0.0594501056181,-0.0926157608131,-0.141893636481,0.0152416502486,0.0122038623784,0.0602481219497,-0.269808587173,-4.19208240509,1.1117401123,-1.04420304298,-0.489670991898,-1.90268778801,0.484564393759
2017/07/09/10:03:45.614857,421028,1499565828,419163682,,0.711259893902,-0.0766986736764,0.212899504545,0.808608885526,0.569691654829,-0.134330663966,0.0596520023533,-0.0923840538296,-0.129933130302,0.0140131718592,0.0359133234528,0.0466377677306,-0.265964590735,-4.19515657425,1.45030641556,-1.51353037357,-0.543453514576,-1.96557736397,0.51743721962
2017/07/09/10:03:45.624826,421029,1499565828,429140786,,0.710032803523,-0.0781782514218,0.213297780577,0.809334743077,0.568634917516,-0.134671202274,0.0591208212673,-0.0815605657627,-0.135786036213,0.0327403928621,0.00906166267164,0.015919487595,-0.247353556651,-4.59264326096,1.35523045063,-1.45995187759,-0.565882325172,-2.0895550251,0.535210728645
2017/07/09/10:03:45.634778,421030,1499565828,439147150,,0.709497891204,-0.0794939167474,0.213571424933,0.809756261959,0.568048319995,-0.134634565401,0.0590714496894,-0.0915681710516,-0.145538276713,0.0264797930802,-0.00772702027912,0.0447417778,-0.252895983806,-4.84637022018,1.2110363245,-1.16641151905,-0.525406956673,-2.28136944771,0.578489422798
2017/07/09/10:03:45.644835,421031,1499565828,449138816,,0.708171916785,-0.0807039758433,0.213179732765,0.810573810348,0.566778072071,-0.135458301205,0.0581701266319,-0.0939316834487,-0.141010407591,0.0133076086862,-0.00119104548569,0.0598629533429,-0.256594859923,-5.58937120438,1.38149058819,-2.02880644798,-0.702789068222,-2.46555089951,0.671886980534
2017/07/09/10:03:45.654799,421032,1499565828,459155536,,0.707610817231,-0.0824184231817,0.214005789414,0.811180702141,0.56585053707,-0.135497029767,0.0586480442578,-0.104390179354,-0.161212051434,0.0215298503985,-0.0282039566358,0.0698800121126,-0.276188965669,-5.01885223389,1.27548134327,-1.68486642838,-0.754231750965,-2.34693336487,0.643433272839
2017/07/09/10:03:45.664729,421033,1499565828,469138359,,0.706766772463,-0.0839877361148,0.214119807383,0.811813701174,0.56487728876,-0.135824298587,0.0585142986195,-0.0871459679842,-0.151812709219,0.0228015342431,-0.0186210914183,0.0266355211469,-0.257624819376,-4.98777103424,1.25812530518,-1.69020164013,-0.778468668461,-2.31904959679,0.635120987892
2017/07/09/10:03:45.674794,421034,1499565828,479144979,,0.705862854296,-0.0852831533528,0.214213062217,0.812382456085,0.563957670808,-0.1363568382,0.058252066561,-0.0932628437025,-0.155580056237,0.00936690418426,-0.0264184814859,0.0575121750494,-0.247574287591,-4.92410898209,1.71633052826,-1.74749577045,-0.847109973431,-2.33833217621,0.656133294106
2017/07/09/10:03:45.685268,421035,1499565828,489173310,,0.705308717948,-0.086101396353,0.213753272605,0.812542649881,0.563670226199,-0.136724269087,0.0579378327476,-0.0823769973784,-0.143188227664,0.0106206629667,-0.0417772700376,0.0526246100091,-0.23016466364,-5.23816299438,1.60279107094,-1.85129463673,-0.732539355755,-2.45495724678,0.649256050587
2017/07/09/10:03:45.694762,421036,1499565828,499145072,,0.703843215086,-0.0879662263994,0.213996479633,0.81343308572,0.562187470813,-0.137654035921,0.0576474553774,-0.0778217770017,-0.105504110592,0.0145875393882,-0.010815155711,0.071704608463,-0.171935320377,-5.96680736542,1.51195275784,-1.77187728882,-0.690783381462,-2.67516827583,0.738889098167
2017/07/09/10:03:45.705079,421037,1499565828,509142023,,0.704246714035,-0.0877973852456,0.214372668977,0.813538717531,0.562203629921,-0.136946235086,0.0576850264585,-0.0781179884574,-0.128152517476,0.0187000410004,-0.02652913815,0.0519427618495,-0.210950624708,-5.08931541443,2.19655823708,-1.39969110489,-0.757640719414,-2.51342391968,0.664522588253
2017/07/09/10:03:45.714801,421038,1499565828,519144230,,0.701710014075,-0.0904291155382,0.21401347215,0.81468705076,0.560285345324,-0.138467324249,0.0564990376413,-0.0899396917447,-0.124858341974,0.00769773715809,-0.00868953566434,0.0745455016397,-0.239294245597,-6.22154712677,0.83307993412,-2.08502602577,-0.548868119717,-2.70820617676,0.696554303169
2017/07/09/10:03:45.725000,421039,1499565828,529141469,,0.701294209275,-0.0913018126832,0.214518656246,0.815061346655,0.559679155937,-0.138675556627,0.0565979998964,-0.0949530121475,-0.126356366398,0.0110753226458,-0.0139808452852,0.0855742458126,-0.239861221217,-4.76093387604,0.636827707291,-1.62197315693,-0.39606243372,-2.25910377502,0.55270665884
2017/07/09/10:03:45.735085,421040,1499565828,539145968,,0.700290971702,-0.0928764112032,0.214631166402,0.816021027726,0.558183954741,-0.139170401932,0.0563201048034,-0.0962526007584,-0.124836717462,0.0182654796495,-0.00110783149565,0.0819395677345,-0.233681540716,-5.30089473724,0.760172128677,-1.86815917492,-0.508043289185,-2.42883419991,0.61198669672
2017/07/09/10:03:45.744784,421041,1499565828,549137986,,0.699794036751,-0.0936145282724,0.214663426044,0.816105141507,0.558055359579,-0.139331000892,0.0559775476439,-0.0785557264326,-0.104996156283,0.023014786811,0.000452860689542,0.0641451273336,-0.228966334494,-4.5873003006,1.14766049385,-2.03123378754,-0.620991051197,-2.21054410934,0.569640278816
2017/07/09/10:03:45.755124,421042,1499565828,559145590,,0.698879469883,-0.0937792742235,0.214340584467,0.816610973473,0.557347513278,-0.139642074908,0.0548667327456,-0.0796343041174,-0.0879281486007,0.00769809694391,0.0102154720471,0.0979158693899,-0.187053261808,-5.01388072968,1.51376748085,-2.25593113899,-0.771321296692,-2.35272192955,0.613923668861
2017/07/09/10:03:45.764681,421043,1499565828,569139388,,0.698416491976,-0.0948581977706,0.215082643296,0.816796944263,0.556844474072,-0.140382871562,0.0553139486022,-0.083054976901,-0.0814185605896,-0.0018187179291,-0.00267562373573,0.132836877063,-0.153197173059,-5.32217502594,1.62929427624,-1.92055058479,-0.731635928154,-2.44321298599,0.682303726673
2017/07/09/10:03:45.774783,421044,1499565828,579144546,,0.697329239164,-0.0962602246907,0.21526233718,0.817250107654,0.55606681585,-0.140977396763,0.0549302416866,-0.0970213310676,-0.120041443777,0.0183793437929,-0.0399961345363,0.120138598797,-0.19244229904,-6.3507437706,1.28027224541,-1.50086700916,-0.622380673885,-2.8390519619,0.741100549698
2017/07/09/10:03:45.784834,421045,1499565828,589139475,,0.695636599035,-0.0977311984221,0.214910959352,0.817809094378,0.555002784669,-0.142303368011,0.0539439117521,-0.0969456525675,-0.115242733232,0.0196379618249,-0.0390975568149,0.124186374122,-0.203031815866,-6.29859828949,0.726539313793,-1.69222736359,-0.441500723362,-2.74980783463,0.7048869133
2017/07/09/10:03:45.794859,421046,1499565828,599144954,,0.695358391021,-0.0981614202404,0.215815389967,0.818306361166,0.554233229024,-0.142389056721,0.0540886646825,-0.104444464489,-0.114943046589,0.0212401619223,-0.0400833850344,0.139269588091,-0.221644107072,-5.98949432373,1.63498187065,-1.43524241447,-0.692610263824,-2.72083973885,0.716127991676
2017/07/09/10:03:45.804886,421047,1499565828,609145413,,0.694394393791,-0.0984140508277,0.215583047645,0.81823558178,0.554148743506,-0.143385960385,0.0533869754203,-0.089228665699,-0.0708193388944,0.00776433817255,-0.0169916245829,0.162108821041,-0.147872820937,-5.89182281494,2.02699327469,-1.90548062325,-0.807934701443,-2.7167236805,0.718817055225
2017/07/09/10:03:45.814793,421048,1499565828,619145418,,0.693787562022,-0.0997457087261,0.215594833659,0.8189109905,0.553064502115,-0.143749300721,0.0532971357617,-0.100982996343,-0.0834694524402,0.0127629177814,-0.0348810008107,0.186371914423,-0.157285645089,-6.35180425644,1.82209396362,-1.96861541271,-0.873445987701,-2.90071034431,0.753963589668
2017/07/09/10:03:45.824856,421049,1499565828,629141148,,0.69261173451,-0.10052287366,0.216217389778,0.819302661969,0.552285881153,-0.144699491941,0.0527779366903,-0.1141884565,-0.117667659377,0.0140875944648,-0.0432152877577,0.167204217846,-0.232418011405,-5.17883014679,2.08210253716,-1.37459135056,-0.789777398109,-2.51313352585,0.624721884727
2017/07/09/10:03:45.834789,421050,1499565828,639140402,,0.690676817395,-0.101897912459,0.215679754696,0.81954785183,0.551508139647,-0.146638322231,0.05174256388,-0.0983597874038,-0.0903573670061,0.0166586958703,-0.0423028027062,0.171185791818,-0.180357951923,-5.28542137146,1.30390655994,-1.94429576397,-0.695761024952,-2.41843390465,0.6072255373
2017/07/09/10:03:45.844850,421051,1499565828,649137562,,0.690305131415,-0.102165713831,0.215565687698,0.819479528973,0.551428694441,-0.14739594208,0.0515182763609,-0.111800234499,-0.0844174956325,0.00576874720609,-0.0494297559346,0.227786902212,-0.183570956631,-4.93422603607,1.82538282871,-2.03348612785,-0.806370615959,-2.30557155609,0.593638539314
2017/07/09/10:03:45.854811,421052,1499565828,659139665,,0.688472991568,-0.104134078596,0.216261662452,0.820344681687,0.549771566657,-0.148871402622,0.051216532527,-0.107620538349,-0.0924943206098,0.0271335955017,-0.0744679414089,0.203171767796,-0.177377680875,-5.88755893707,0.975363135338,-1.94374859333,-0.637616038322,-2.57336974144,0.645738482475
2017/07/09/10:03:45.865083,421053,1499565828,669150802,,0.688176850725,-0.104044050076,0.216150928608,0.82032806446,0.549802130986,-0.149088682661,0.0505178000862,-0.10979877537,-0.0848142707074,0.0313464361031,-0.0450826370253,0.198866630725,-0.168800704555,-6.0613822937,1.82561540604,-1.76027035713,-0.820377528667,-2.76015686989,0.727214753628
2017/07/09/10:03:45.874836,421054,1499565828,679144074,,0.686600310412,-0.105070564871,0.216570094369,0.820775407767,0.548782526146,-0.150606066705,0.0498325363025,-0.112359300985,-0.0606766016103,0.012160725763,-0.0216239926722,0.235876049161,-0.166945769293,-5.23494577408,1.2442150116,-1.64494979382,-0.607065856457,-2.42025876045,0.629821479321
2017/07/09/10:03:45.885028,421055,1499565828,689144709,,0.685876386739,-0.10627510548,0.216841517161,0.821140890368,0.5480864517,-0.151155938487,0.0498072473613,-0.120147739961,-0.0713264143028,0.0134064934224,-0.0445775742507,0.245859533027,-0.186742731892,-5.17896842957,1.04519438744,-1.53108000755,-0.604258656502,-2.3332965374,0.596731185913
2017/07/09/10:03:45.894822,421056,1499565828,699142362,,0.684728538537,-0.106721741149,0.217049019709,0.82126820705,0.54755033949,-0.152563368927,0.0493110157437,-0.117199107864,-0.0868811163757,0.0130118450001,-0.0611727311053,0.235032897173,-0.16778904092,-5.37670660019,1.55426824093,-1.62443161011,-0.635093092918,-2.39579415321,0.597994744778
2017/07/09/10:03:45.905205,421057,1499565828,709154258,,0.683952938673,-0.106953516776,0.217283579117,0.8211104001,0.547542713521,-0.153588154495,0.0488402141306,-0.112311050401,-0.0726673446743,0.00753982820139,-0.0673169884024,0.24997971909,-0.138820300592,-4.64142274857,1.25398051739,-1.30712354183,-0.518550634384,-2.09950375557,0.508961558342
2017/07/09/10:03:45.914831,421058,1499565828,719151264,,0.683361757821,-0.106753199,0.217113902128,0.821181986115,0.547256467693,-0.154411456959,0.0482452713531,-0.104550453588,-0.060626516688,0.0182662147294,-0.07198412168,0.246347656263,-0.111050972741,-3.93105506897,2.04472637177,-1.52449405193,-0.682304620743,-1.86261475086,0.461203038692
2017/07/09/10:03:45.924971,421059,1499565828,729140596,,0.682311111976,-0.107251618981,0.217282385864,0.821226900048,0.546828372933,-0.155803117257,0.0478591458921,-0.0919336494136,-0.0460884337447,0.0176752856887,-0.0746714132659,0.238818892234,-0.0898927637511,-3.85325479507,1.76370227337,-1.27138185501,-0.573504686356,-1.80281019211,0.464570581913
2017/07/09/10:03:45.934991,421060,1499565828,739151074,,0.681167770884,-0.1087736995,0.21765353789,0.821766870973,0.545779195542,-0.156716214298,0.0475847418927,-0.108479170217,-0.0625547302957,0.00985432570125,-0.0764432766245,0.262822169485,-0.122298334938,-4.48170042038,0.952394723892,-1.28582549095,-0.429093897343,-1.96452856064,0.460512369871
2017/07/09/10:03:45.944851,421061,1499565828,749142691,,0.680408988286,-0.109462353268,0.218013552794,0.821754331528,0.54540834692,-0.158037992067,0.0476817238451,-0.10070812057,-0.0667374868483,0.012064560876,-0.0810541344437,0.238491312742,-0.126008523595,-4.68212032318,0.843497753143,-1.64760959148,-0.381626278162,-2.03048872948,0.495083451271
2017/07/09/10:03:45.954850,421062,1499565828,759142233,,0.679718908686,-0.109137758518,0.218025388882,0.821580105073,0.545381792434,-0.159231154532,0.0470135178023,-0.0978468028598,-0.067107443562,0.0239894456402,-0.0984468913358,0.225997188475,-0.126976481704,-4.05858230591,1.55368959904,-1.86018359661,-0.538860321045,-1.89048242569,0.469791650772
2017/07/09/10:03:45.964805,421063,1499565828,769146291,,0.678608599066,-0.109880179576,0.217938298835,0.821594172064,0.544996987236,-0.160607926212,0.0465445418092,-0.0862833035709,-0.0209634117234,0.011318452062,-0.0541168880354,0.244214208025,-0.073960745578,-3.87757921219,1.07732725143,-1.52759790421,-0.43902349472,-1.84029150009,0.429218828678
2017/07/09/10:03:45.974742,421064,1499565828,779146006,,0.677476183266,-0.110036790432,0.217678155921,0.821830478571,0.544402424885,-0.161680802601,0.0456068234072,-0.10110595168,-0.0432086846213,-0.00149375320558,-0.0651403333355,0.259416124577,-0.111653562675,-3.47940349579,0.880603909492,-1.50839161873,-0.47065076232,-1.64924490452,0.407593280077
2017/07/09/10:03:45.984837,421065,1499565828,789151995,,0.677306073154,-0.109867107207,0.218071249084,0.821586167603,0.544700276259,-0.161980452616,0.0453884480666,-0.0959862816725,-0.0417644223043,-0.000272917790603,-0.0545177355654,0.2452005956,-0.095741181351,-2.8566775322,1.34971988201,-1.28421914577,-0.452263712883,-1.60683977604,0.384538352489
2017/07/09/10:03:45.994823,421066,1499565828,799142769,,0.675889128522,-0.110511997731,0.21807970451,0.821732173458,0.543914705723,-0.163969357864,0.0450230794553,-0.0876351039786,-0.0386783734875,0.0213947569032,-0.0566874897152,0.205844065203,-0.0905618987202,-4.13827610016,1.34311771393,-1.48506712914,-0.555691719055,-2.01963973045,0.531848907471
2017/07/09/10:03:46.004961,421067,1499565828,809150850,,0.675484743148,-0.111378802236,0.217764082635,0.821944454301,0.543387191602,-0.16466432942,0.0449814702134,-0.0717393382438,-0.0052653532686,-0.000108717973533,-0.0394227280168,0.225838647074,-0.0413818398346,-2.88325738907,0.689976453781,-1.88747191429,-0.411305099726,-1.60806775093,0.394589751959
2017/07/09/10:03:46.014938,421068,1499565828,819150431,,0.674971138942,-0.111362698341,0.218305516303,0.821787329791,0.543517983914,-0.165116506586,0.0446130587337,-0.0632843359798,0.00597642997032,-0.0152260412637,-0.0200725240336,0.220058708191,-0.0308350001275,-2.42665958405,0.577148318291,-1.30093884468,-0.35595113039,-1.44761824608,0.326738744974
2017/07/09/10:03:46.024776,421069,1499565828,829145696,,0.674544111489,-0.111322388452,0.218267873243,0.821676246246,0.543396835328,-0.166094956815,0.0445027081429,-0.0580201796916,-0.0407720534819,0.00885965715223,-0.0755770282562,0.154877834735,-0.0565021047826,-1.82889127731,0.587664604187,-0.889854133129,-0.181988358498,-1.23301565647,0.249541729689
2017/07/09/10:03:46.034889,421070,1499565828,839150746,,0.674418487276,-0.110842867854,0.218028322929,0.821436970514,0.54365769213,-0.166543613363,0.0440549895963,-0.0497861412346,-0.0271886060985,0.011279282561,-0.0662125883133,0.145225051262,-0.0431123749675,-2.4798617363,0.855192542076,-1.51890802383,-0.276599317789,-1.40904974937,0.292301982641
2017/07/09/10:03:46.044891,421071,1499565828,849151888,,0.673595254523,-0.111275894254,0.217570883963,0.821427911549,0.543378224681,-0.167612828177,0.0436145721199,-0.0422424826576,-0.0174414826645,-0.00499643301489,-0.0638844487602,0.142851545396,-0.024277704278,-2.30270218849,0.641566455364,-1.56800794601,-0.232100814581,-1.28412151337,0.255180984735
2017/07/09/10:03:46.054807,421072,1499565828,859142554,,0.673386376287,-0.112056412643,0.218104016474,0.821781595257,0.542746852135,-0.167818538378,0.0440204767148,-0.0440431644805,-0.0180435145453,-0.013103226353,-0.0565740437196,0.144283188898,-0.0386268794065,-3.03769040108,0.636755466461,-1.63170409203,-0.320147663355,-1.52074444294,0.32902187109
2017/07/09/10:03:46.064773,421073,1499565828,869142530,,0.673644613403,-0.111645923573,0.217939990205,0.821245803028,0.543475622703,-0.168073788944,0.0440542847593,-0.0272833948395,-0.0061789760634,-0.00302145116315,-0.0664987484423,0.111979206279,0.00451622515914,-3.88189601898,1.08025467396,-1.4896017313,-0.450104475021,-1.82495820522,0.473516315222
2017/07/09/10:03:46.074810,421074,1499565828,879143194,,0.672769335329,-0.112428465697,0.217816201235,0.821476624328,0.542776757114,-0.169210674717,0.0440147155076,-0.0249420270525,-0.0271836805753,0.000493781117234,-0.0710230611228,0.0868932632038,-0.0028116763017,-4.05367279053,1.00508344173,-1.72206842899,-0.502691030502,-1.7706193924,0.469366312027
2017/07/09/10:03:46.084917,421075,1499565828,889147291,,0.672504982208,-0.112261443889,0.217869846213,0.821116078954,0.543123899524,-0.169873696689,0.0439060567825,-0.0351499015707,-0.0232702212999,-0.0101137694981,-0.078053883525,0.117487423177,-0.00411238243315,-2.15694403648,0.693855643272,-1.46014976501,-0.22062343359,-1.21273338795,0.234593361616
2017/07/09/10:03:46.095229,421076,1499565828,899152123,,0.672182967085,-0.11246331171,0.21771322595,0.821294870741,0.542673928993,-0.170449958812,0.0438925235909,-0.0211136730472,-0.0164527259133,-0.0096536115408,-0.0778462932936,0.0920640747027,0.0163594238989,-1.57355666161,-0.522252082825,-1.36720848083,0.0739293321967,-0.948593556881,0.081872574985
2017/07/09/10:03:46.104883,421077,1499565828,909150539,,0.672364907801,-0.112167946927,0.217892093947,0.820636306834,0.543550131316,-0.170791066929,0.044042230963,-0.0302341061567,-0.0213792879827,0.00190091042804,-0.0693629379785,0.0985327592243,0.0245071066278,-1.55304312706,0.260057330132,-1.29211044312,-0.0313714444637,-1.07758414745,0.176054388285
2017/07/09/10:03:46.114973,421078,1499565828,919154521,,0.671966477104,-0.112120260752,0.217209535366,0.820678405534,0.543351039099,-0.171328935282,0.0436233760225,-0.0196914124667,-0.0114961435396,-0.00412371502564,-0.0557091980923,0.0876418051341,0.0459583156453,-2.01039838791,-0.0292168855667,-1.66544997692,-0.015431560576,-1.27517080307,0.225497722626
2017/07/09/10:03:46.124760,421079,1499565828,929143017,,0.671977252379,-0.112381492497,0.21718855479,0.820615797828,0.543302928287,-0.171708016253,0.043908969751,-0.023687233047,-0.0225838864039,-0.00486546047117,-0.0871544352173,0.0873125280251,-0.0038624353509,-2.0938501358,0.279693365097,-1.29979944229,-0.102857910097,-1.36086702347,0.243771344423
2017/07/09/10:03:46.134951,421080,1499565828,939141671,,0.671581865899,-0.112875530129,0.216838550743,0.820380732116,0.543407346839,-0.172478631706,0.0439889915615,-0.0183793363781,-0.00849494143247,-0.00911741025911,-0.0633854114337,0.0887232185316,0.012497830497,-2.38508009911,-0.0707343369722,-1.28627038002,-0.00673244893551,-1.47125172615,0.258577734232
2017/07/09/10:03:46.145068,421081,1499565828,949146383,,0.671702704309,-0.113119076144,0.217392192437,0.820385114219,0.543385560109,-0.172429071867,0.0443690501169,-0.014705303429,-0.0342574176277,0.00412865006555,-0.0980841250389,0.0529562784805,-0.00144391846221,-2.33071351051,-0.19064360857,-1.01677823067,-0.0318990647793,-1.47620904446,0.27837112546
2017/07/09/10:03:46.154799,421082,1499565828,959152016,,0.671286550705,-0.113569820432,0.21733833127,0.820093341485,0.543423624672,-0.173612751231,0.0446798389596,-0.0167057041452,-0.043594612642,0.00217598316586,-0.103431136585,0.0548179098494,0.00216790383648,-2.87484192848,0.162100717425,-1.14467227459,-0.177167713642,-1.61923825741,0.335592508316
2017/07/09/10:03:46.164765,421083,1499565828,969151177,,0.671263759206,-0.114045213849,0.217893059152,0.820410744546,0.542928904203,-0.173554118522,0.0450930500029,-0.0101752318055,-0.0160810581482,-0.0126080878657,-0.0725957743813,0.0586754897602,0.017338381592,-2.05358815193,-0.236123889685,-0.845593512058,0.0357098579407,-1.37942695618,0.251821756363
2017/07/09/10:03:46.174793,421084,1499565828,979144357,,0.671872635424,-0.113500531131,0.217663661878,0.820143102073,0.543331486657,-0.173438151147,0.0455565083819,-0.00474580830462,-7.22878501266e-05,-0.0142393703362,-0.0465853666441,0.0563059897297,0.0245827831574,-0.392774045467,-0.00401781499386,-0.775382757187,0.0558536425233,-0.8492872715,0.0790833681822
2017/07/09/10:03:46.184752,421085,1499565828,989138775,,0.671887553093,-0.113761184711,0.217271137235,0.819766159807,0.543751976463,-0.173904711318,0.0455453917419,0.00641140809991,-0.0188378758531,0.00715296651237,-0.0883111555242,0.0183854551284,0.0365542742345,-1.12659275532,0.216133773327,-1.33142578602,-0.0498074665666,-1.03527665138,0.166536003351
2017/07/09/10:03:46.194706,421086,1499565828,999154410,,0.670790296022,-0.114575026482,0.216990298311,0.81985779153,0.543283182842,-0.17503706703,0.0451509698042,-0.00227246559067,-0.0252590931183,0.00791858087075,-0.069274178396,0.0162396093036,0.00252190330076,-1.25426328182,-0.635054886341,-1.40372240543,0.169484674931,-1.03209984303,0.0969452038407
2017/07/09/10:03:46.204757,421087,1499565829,9141243,,0.670902918652,-0.114849201192,0.217019555993,0.820272225755,0.542681647222,-0.174895705415,0.0454048196893,-0.00572120751021,-0.0209185612553,-0.0104705914988,-0.0381889602537,0.0277238176925,0.00417482681186,-1.05827462673,-0.79780369997,-1.85520517826,0.16073089838,-0.89717644453,0.0522836148739
2017/07/09/10:03:46.214803,421088,1499565829,19151812,,0.671031152316,-0.114989950888,0.217058066003,0.82019793192,0.542718945148,-0.175039165211,0.045747018417,-0.010977882602,-0.0323149373072,-0.0023624073555,-0.0686975229274,0.0304852126107,-0.0112595396988,-1.63020586967,-0.387567400932,-1.48159980774,0.0385287329555,-1.15878593922,0.178762257099
2017/07/09/10:03:46.224695,421089,1499565829,29144214,,0.670698193535,-0.115111744153,0.217359380359,0.819977836607,0.542970966217,-0.175337571708,0.0455588988643,-0.00243347940799,-0.0260925337627,0.0152718608179,-0.0816342602861,0.00965156652377,-0.00472111530541,-1.896946311,-0.177004426718,-1.56916236877,-0.0280214175582,-1.20525610447,0.167449891567
2017/07/09/10:03:46.236370,421090,1499565829,39151378,,0.670477371172,-0.115038603117,0.2169883034,0.819833686016,0.543082402165,-0.175716695277,0.0453638042123,-0.0074181071985,-0.0206007127888,0.000481530964344,-0.0449731987546,0.023176507594,-0.000568760735066,-1.79435253143,-0.144848331809,-1.80502212048,0.082978785038,-1.15432155132,0.223659157753
2017/07/09/10:03:46.245226,421091,1499565829,49143401,,0.670801077619,-0.115428480404,0.217462104238,0.820216241511,0.542553209942,-0.175385562803,0.0460568768304,-0.0161304655458,-0.0262725453657,-0.00722429903281,-0.0318978857386,0.0354497748367,-0.000986437736844,-1.03655898571,-0.123697578907,-1.37526881695,0.0174199268222,-0.93914437294,0.112945631146
2017/07/09/10:03:46.254745,421092,1499565829,59147403,,0.67049268394,-0.116368936716,0.217415852958,0.820214846872,0.542249433679,-0.176185261203,0.0466037593018,-0.00993529751716,-0.0177435034441,-0.005942430504,-0.0463167261861,0.0402618601296,0.0217506871844,-1.82548046112,-0.507504224777,-1.13449442387,0.112771309912,-1.2026809454,0.21047988534
2017/07/09/10:03:46.265099,421093,1499565829,69143337,,0.670856846065,-0.115501685589,0.217034530826,0.820063998257,0.542709550418,-0.17560928861,0.0460734240236,-0.0100421881697,-0.0207157988148,-0.00374782788986,-0.044941530994,0.0253186641084,-0.0112331203855,-0.992051482201,0.178002864122,-1.30307209492,-0.0833152756095,-0.929206430912,0.131886824965
2017/07/09/10:03:46.274956,421094,1499565829,79159831,,0.670348078893,-0.115890374473,0.216870545106,0.819847325415,0.542839614668,-0.176253738896,0.0459362088275,-0.00543700946529,-0.0119986053899,-0.00442460669405,-0.0169429002517,0.00596243292554,-0.013741818844,-1.36616134644,-0.161152556539,-1.18213629723,0.0438671410084,-1.03377306461,0.137098520994
2017/07/09/10:03:46.284977,421095,1499565829,89142695,,0.671130106587,-0.115939749049,0.21718295782,0.81988038179,0.542918806142,-0.175661848916,0.0466716651454,0.00194227224515,-0.00106727844371,-0.0128128564692,-0.0046536896049,0.0121705176925,0.00698066065905,-1.47976768017,0.271319687366,-1.38205051422,-0.0885604321957,-1.08996021748,0.185973986983
2017/07/09/10:03:46.294967,421096,1499565829,99138132,,0.670324392793,-0.116184067413,0.216989987902,0.819897090947,0.542790664155,-0.176155040564,0.0460049654457,-0.00296419401488,-0.00819398693039,-0.0119801594869,-0.00397888710593,0.0150621169692,-0.00299819423629,-1.31945836544,0.0418683290482,-1.29353046417,-0.0263770371675,-0.990617752075,0.123093090951
2017/07/09/10:03:46.304979,421097,1499565829,109142377,,0.670676912286,-0.116291335924,0.217196724014,0.81974704315,0.542909975409,-0.176319192043,0.0466378211957,-0.000674184334782,-0.00806537651745,-4.57189130146e-07,-0.0134627608796,0.00346152409287,-0.00622818801775,-2.37776398659,0.41985860467,-1.05845582485,-0.129033714533,-1.38968348503,0.287195563316
2017/07/09/10:03:46.314821,421098,1499565829,119143719,,0.670569990766,-0.115845748406,0.216812359631,0.819941903135,0.542791443851,-0.175966042371,0.0459203211816,-0.00861797963738,0.00339456469181,-0.013408997552,0.00904075060859,0.0335472626028,0.00769368890905,-1.38825321198,0.167754888535,-1.23160040379,-0.104270085692,-1.04268658161,0.165245547891
2017/07/09/10:03:46.324939,421099,1499565829,129147595,,0.670329425463,-0.116013785756,0.216405859132,0.819666475056,0.543051807429,-0.176466693816,0.0458378674421,-0.012954627451,-0.000772885125834,-0.0201736824125,0.0170178319541,0.0372763543647,-0.00930495908324,-1.24940097332,0.209055140615,-1.01979470253,0.00515963882208,-1.03886270523,0.178960680962
2017/07/09/10:03:46.334768,421100,1499565829,139148264,,0.670610007714,-0.116000164931,0.216593781859,0.819994587699,0.542665746175,-0.176072722655,0.0460560572639,-0.00635754002176,-0.00548084092489,-0.0132168043169,0.010707234578,0.0202163840196,0.00575056186632,-1.61369967461,0.62392604351,-0.905031442642,-0.135823190212,-1.16227018833,0.204818278551
2017/07/09/10:03:46.345181,421101,1499565829,149142875,,0.670593619215,-0.115843409268,0.216523729989,0.819716091595,0.543002906599,-0.176333739848,0.0460411207228,0.0028276925284,-0.0133757678338,0.000306779285536,-0.0118007747925,-0.0247432126715,-0.0299282354471,-1.12169015408,0.470111876726,-1.11649298668,-0.120161384344,-0.947063922882,0.120018795133
2017/07/09/10:03:46.354931,421102,1499565829,159140640,,0.670556386663,-0.115980126383,0.216199332188,0.819902891306,0.542660144853,-0.176522404257,0.0460332142174,0.00485851973367,0.00332680547255,-0.00643399018266,-0.00564945391828,-0.00347028964104,-0.00192832932205,-1.08106124401,0.380741178989,-1.20673131943,-0.0800740644336,-0.902591824532,0.135348170996
2017/07/09/10:03:46.364767,421103,1499565829,169142022,,0.670332092423,-0.11601341936,0.216032089958,0.819769770577,0.542892452315,-0.176519485641,0.0456747157266,0.00392966937897,0.00321590471868,-0.00291521582986,-0.00903201741356,0.00333819952318,0.00356008489997,-1.20107126236,0.236985892057,-1.67507326603,-0.100658841431,-0.891860544682,0.119126752019
2017/07/09/10:03:46.374916,421104,1499565829,179144983,,0.670527568312,-0.116263005199,0.216466970526,0.820019150184,0.54264014014,-0.176062768107,0.0459583868924,-0.000747005354956,-0.001161273783,-0.00496184690278,0.00382956206852,0.0053088419091,-0.00869792512729,-0.444814831018,-0.305428624153,-1.55179977417,0.0204952284694,-0.65269702673,0.0320700667799
2017/07/09/10:03:46.384795,421105,1499565829,189151227,,0.670288561706,-0.115609480791,0.21574636862,0.819819227487,0.542878137935,-0.176447489221,0.0452332305182,-0.00587760530893,-0.00814288952977,-0.00695427234267,0.00336377549376,0.014282838253,-0.00139296168321,-1.81492686272,0.336355388165,-1.87128734589,-0.141367331147,-1.11343514919,0.208011552691
2017/07/09/10:03:46.394803,421106,1499565829,199139250,,0.670532239335,-0.116092400539,0.215882641999,0.819892664032,0.542744164364,-0.176365670103,0.0458251232929,0.0069264467623,0.0115337742299,-0.00435828834849,0.00328936003438,0.00575298694526,0.0237158367633,-1.13845872879,0.117715507746,-1.76253604889,-0.0549537092447,-0.930269181728,0.14637324214
2017/07/09/10:03:46.404710,421107,1499565829,209138722,,0.670417662371,-0.115931836469,0.216221140132,0.819908567957,0.542625621316,-0.176640407409,0.0458861825937,0.00153799603229,0.00354701337652,-0.0124609534873,0.0225982892788,0.00204154939914,0.0136749177342,-1.22508561611,0.0115740001202,-1.14565706253,-0.00489397346973,-0.93698745966,0.110041923821
2017/07/09/10:03:46.414734,421108,1499565829,219153327,,0.670149735016,-0.115852486213,0.215598960156,0.819752737204,0.542849190317,-0.176825474827,0.045309578146,-0.00843598905181,-0.00278541500446,-0.0175013677775,0.00914761342647,0.0345675913414,0.00262185279542,-1.25935482979,0.0126462727785,-1.24164283276,0.0069046318531,-0.919673204422,0.111451767385
2017/07/09/10:03:46.424737,421109,1499565829,229139091,,0.67043948774,-0.115096643721,0.215393116637,0.819719560479,0.542998535357,-0.17660217935,0.0449900324224,0.000185640308775,0.0067198121039,-0.0170068962899,0.0115408960415,0.0195825313289,0.0206648149663,-1.09259986877,0.612429022789,-1.43667113781,-0.103190481663,-0.9453805089,0.13287550211
2017/07/09/10:03:46.434825,421110,1499565829,239155483,,0.669861681667,-0.116026701574,0.21554105518,0.819504783176,0.543039559294,-0.177361893621,0.0454170241726,-0.00047561338778,0.0213002246101,-0.0150209807067,0.0349160467628,0.0236950594977,0.0242211074026,-1.64518547058,0.0723829716444,-1.2028439045,-0.0212663263083,-1.02573037148,0.147574216127
2017/07/09/10:03:46.444778,421111,1499565829,249147315,,0.670189625823,-0.115715414344,0.215549599847,0.819773327775,0.54287531022,-0.176680837327,0.0451881659798,-0.013111571238,-0.00626140220804,-0.00761622103884,-0.0108946391231,0.0319864748511,-0.00666211777546,-2.22418737411,0.340893745422,-1.41452562809,-0.0937649086118,-1.28927314281,0.257991522551
2017/07/09/10:03:46.454840,421112,1499565829,259138987,,0.670081332039,-0.115212829767,0.215323564237,0.819752054306,0.542928105155,-0.176746369761,0.0446806766979,-0.0113690772629,-0.012901420178,-0.0135361369364,0.00531114455425,0.0151465093644,-0.0367636207263,-1.8097281456,0.626420557499,-1.20017588139,-0.16715079546,-1.16582834721,0.233411237597
2017/07/09/10:03:46.465220,421113,1499565829,269140142,,0.670034513742,-0.115858157673,0.215175304719,0.81974797981,0.54285415835,-0.176892670676,0.0450732228732,-0.00550689183072,-0.0139792537811,-0.00963677663721,0.00503555078287,0.0110266982293,-0.0289456712722,-1.63540124893,0.190755993128,-1.19352757931,-0.0975964814425,-1.08122622967,0.199050888419
2017/07/09/10:03:46.474995,421114,1499565829,279144506,,0.670268916012,-0.115384827557,0.215608068206,0.819598601853,0.543099734926,-0.176809990677,0.0451556968844,-0.000816053768178,-0.00560994216974,-0.0130490801502,4.7276375309e-05,0.00864096699928,0.000698714897511,-1.18483650684,0.659551143646,-1.02497196198,-0.156468898058,-0.970065653324,0.196334928274
2017/07/09/10:03:46.485429,421115,1499565829,289151385,,0.670040075784,-0.11504791081,0.214714003189,0.819548175908,0.543116590594,-0.177156100428,0.0445069934766,-0.00308353182465,0.0161693754934,-0.0138415501638,0.0286495745451,0.0229231136088,0.00155301395983,-1.52081382275,0.86338788271,-1.11799812317,-0.228969871998,-1.15797770023,0.276086628437
2017/07/09/10:03:46.494717,421116,1499565829,299156992,,0.669688693368,-0.116352229025,0.215143664327,0.819763928252,0.54266933029,-0.1773875527,0.045063910699,0.00377260516616,0.00700190519886,-0.0080008986894,-0.000142858910213,0.0132831020088,0.0199333832029,-1.10871112347,-0.341693669558,-0.785378038883,-0.0567817166448,-0.893470644951,0.11615100503
2017/07/09/10:03:46.504739,421117,1499565829,309144154,,0.670190242721,-0.115823997979,0.214570499509,0.819744161663,0.542854360614,-0.176935586135,0.0449716681944,-0.000648343237811,0.00601622508094,-0.0037895236211,0.00085301024384,0.0171130997061,0.0237769667292,-1.25838756561,-0.0599632263184,-1.00338983536,-0.132370665669,-0.952929496765,0.159147709608
2017/07/09/10:03:46.514831,421118,1499565829,319159632,,0.670275386209,-0.116152756096,0.215019754881,0.819548097697,0.543001434189,-0.177253002868,0.0455162718567,0.0105970764332,0.000747890483312,-0.000144610492054,-0.0199785217669,-0.0110714952831,0.0169119881786,-0.422065615654,-0.400817871094,-0.717592835426,0.0233450382948,-0.655920445919,0.0519726350904
2017/07/09/10:03:46.525032,421119,1499565829,329139553,,0.669911257357,-0.11548921027,0.214336507505,0.819374383447,0.543247532821,-0.177540379821,0.0445774760104,-0.0013919535484,-0.00819940791383,-0.00955606808588,-0.045345502542,0.0236986254979,0.00792208752332,-0.737056970596,0.244258224964,-1.13474953175,-0.114457704127,-0.776834964752,0.0952760055661
2017/07/09/10:03:46.535167,421120,1499565829,339145505,,0.670249549651,-0.115678695132,0.214750960758,0.819325930185,0.543242630297,-0.177596985562,0.0452965282737,-0.00214345198282,0.00822754216107,-0.0158713924846,-0.0212544395415,0.0463286553254,0.0165502189225,0.00982235372066,0.0802661329508,-1.26038062572,-0.0705483928323,-0.533020675182,0.00696243345737
2017/07/09/10:03:46.544718,421121,1499565829,349144575,,0.669557456992,-0.116026079069,0.214379247252,0.819317169351,0.543090678949,-0.178215269814,0.0448464943039,-0.00615733351736,-0.00884054983034,-0.0134509403925,-0.0227476651486,0.0416595327853,0.0113629508183,-0.731885313988,-0.428400814533,-1.2683224678,0.0798924267292,-0.7512165308,0.0658598467708
2017/07/09/10:03:46.554710,421122,1499565829,359150923,,0.670155679806,-0.115915610453,0.214629675848,0.819127467414,0.543443421056,-0.17788533451,0.0453458708861,-0.01690132365,-0.0209885535467,-0.00191861773813,-0.0291524307936,0.0417688391111,-0.0048543833232,-0.971068620682,-0.000202968716621,-1.03929138184,-0.0532256215811,-0.918075561523,0.115667976439
2017/07/09/10:03:46.564734,421123,1499565829,369139308,,0.669752590357,-0.116037542765,0.214534544911,0.819395400766,0.542986388348,-0.178109980012,0.0450976084984,-0.00549434143102,-0.0244489973875,-0.00216457205962,-0.0394446540112,0.0148804455475,0.00476381307079,-0.682806491852,-0.0727192908525,-1.12975931168,0.037292830646,-0.778498828411,0.0768072679639
2017/07/09/10:03:46.574724,421124,1499565829,379143559,,0.669368867192,-0.116376500783,0.214348334588,0.819357559932,0.54292401783,-0.178560077877,0.0447548705162,-0.0111022316387,-0.0157235110269,-0.000148232368938,-0.0147888676374,0.00971277466995,-0.0272685523199,-1.31993496418,-0.50958776474,-1.07094442844,0.055826626718,-0.985603392124,0.113971106708
2017/07/09/10:03:46.584733,421125,1499565829,389141041,,0.669242885507,-0.116594636937,0.214208688462,0.819406091384,0.542850723884,-0.178565915882,0.0447321211874,-0.00869153198743,-0.0180384890847,-0.0155326879229,-0.0128416170928,0.0162482847135,-0.0202667523986,0.134873121977,-0.794581592083,-1.28990650177,0.195152908564,-0.454035997391,-0.0568837821484
2017/07/09/10:03:46.594956,421126,1499565829,399145690,,0.66907186209,-0.116818624851,0.214043668028,0.819481627499,0.542704864015,-0.178670018463,0.0447025420829,-0.0110511443016,-0.00630695120185,-0.0225642859541,0.0127117747384,0.032260129812,-0.013030187081,0.539214611053,-0.730369031429,-1.29170358181,0.163840085268,-0.262260735035,-0.144706308842
2017/07/09/10:03:46.604800,421127,1499565829,409142109,,0.669605029604,-0.116137255472,0.21408628872,0.819338157008,0.543094747571,-0.178150658635,0.0446701517752,-0.00122829043239,-0.00516430275492,-0.00995794126427,0.0146428286904,0.00439110373905,0.00840658869697,-0.345454394817,0.0314150005579,-0.856049358845,-0.0282992720604,-0.637763857841,0.0337542444468
2017/07/09/10:03:46.614719,421128,1499565829,419145504,,0.669390383885,-0.116312084928,0.213847098334,0.819193456462,0.543187605248,-0.178545745395,0.0446175211721,0.00715251689797,-0.00978218888746,0.0145370110423,-0.0219311044933,-0.0309023776346,-0.0103579538731,-0.46529430151,-0.237254098058,-0.972571015358,0.0679835900664,-0.681170225143,0.0243176594377
2017/07/09/10:03:46.624685,421129,1499565829,429138273,,0.669460542849,-0.116659878071,0.213917925662,0.819369487179,0.54294384689,-0.178418688673,0.0448597161906,0.000863949229481,-0.000166874338606,-0.0108235432991,-0.0057014453228,0.00157824769843,-0.0104620397146,-0.732010126114,0.0348794311285,-1.27190613747,-0.031230121851,-0.761086642742,0.0858511701226
2017/07/09/10:03:46.635005,421130,1499565829,439142634,,0.669262279723,-0.116580059295,0.213694398616,0.81934919417,0.54293236145,-0.178625249927,0.0445462567633,-0.000382690625904,0.00602421037333,-0.0173851159757,0.010656444994,0.0214713901256,0.0146701125438,-0.802929520607,-0.21756157279,-1.1664686203,-0.0441101640463,-0.698429942131,0.0492772310972
2017/07/09/10:03:46.644699,421131,1499565829,449138425,,0.669407033096,-0.116877622402,0.21380248104,0.819449073825,0.542790476925,-0.178517309775,0.0448696297857,-0.00833354893153,0.00301808911912,-0.0200455126375,0.0169876417,0.039178751511,0.00592819024336,-0.954783260822,0.202492460608,-0.813861131668,-0.0380347892642,-0.870743453503,0.121822223067
2017/07/09/10:03:46.655079,421132,1499565829,459145438,,0.669265278785,-0.11664826372,0.213762761355,0.819499427337,0.542733841219,-0.178506672391,0.0446769974538,-0.00403790052804,0.00961142127944,-0.0071052020675,0.017994619681,0.0192399472422,0.00616073704555,-1.6797990799,0.108499273658,-0.86715221405,-0.074672460556,-1.09360814095,0.206943333149
2017/07/09/10:03:46.665018,421133,1499565829,469144844,,0.669564241566,-0.116734318891,0.213802363221,0.819682297504,0.542494433759,-0.178349832022,0.0448559685692,-0.00577467304286,0.000653018174068,-0.00379804751347,-0.0059793827369,0.0209796295543,-0.0112889481076,-1.0407845974,0.139717310667,-0.426647126675,-0.0674648359418,-0.934643089771,0.12412519753
2017/07/09/10:03:46.674679,421134,1499565829,479141374,,0.669281984139,-0.116274444618,0.213349325871,0.819677474907,0.542536100461,-0.178399198542,0.0442396065359,0.00595256206772,0.012541959806,-0.0229686945714,0.0159010350725,0.0120187725809,0.00970514970006,-1.38178324699,0.229988783598,-0.845218658447,-0.135109320283,-0.955209851265,0.155966609716
2017/07/09/10:03:46.684764,421135,1499565829,489143957,,0.669364547832,-0.116303288808,0.213307305963,0.819163507801,0.543196692353,-0.178703493429,0.0444247942171,0.00503722058727,0.00235415916215,-0.00266075820011,0.00702835054642,-0.00560045779532,0.0100064303378,-1.78208887577,0.448761582375,-0.894481658936,-0.202097386122,-1.16304349899,0.241658121347
2017/07/09/10:03:46.694750,421136,1499565829,499139168,,0.669519380498,-0.115977548107,0.212871339832,0.819232263719,0.543190821425,-0.178486444711,0.0441000981497,0.00299347594883,-0.00256346891963,-0.0140061873338,0.00716786169969,0.000289628420732,0.00863468294157,-1.77503609657,0.479246854782,-0.783955574036,-0.135592073202,-1.12811493874,0.215264946222
2017/07/09/10:03:46.705071,421137,1499565829,509140353,,0.669546079893,-0.116395558597,0.213297191846,0.819342461988,0.542965006233,-0.178552357707,0.0445644201907,-0.00311508351175,0.00169307433733,-0.00309765637473,0.00695023620875,0.00844087753986,0.00922790708512,-1.2190887928,0.623036324978,-0.732416927814,-0.191696584225,-0.952050626278,0.176633507013
2017/07/09/10:03:46.714674,421138,1499565829,519137987,,0.669503931759,-0.116880846888,0.213393627672,0.819362249327,0.542932620702,-0.178485685642,0.044861272564,-0.00276294944954,0.000224617543793,-0.0125228363219,-0.0176967963296,0.025964783838,0.0103588803628,-0.570515275002,-0.334050267935,-0.274606585503,0.0534522458911,-0.696899116039,0.00933040678501
2017/07/09/10:03:46.724728,421139,1499565829,529140632,,0.669786095248,-0.115757567782,0.213001616232,0.819071153874,0.54348090685,-0.178288676573,0.0443181293247,0.008818703993,-0.000604733854841,-0.00246935807134,-0.0051755028745,-0.00971600532306,0.00932563838646,0.285233139992,0.141919091344,-0.537249803543,0.0508258640766,-0.412953525782,-0.0408442616463
2017/07/09/10:03:46.734983,421140,1499565829,539145853,,0.669711437179,-0.11580793731,0.212964440517,0.819147245405,0.543379018758,-0.178269773222,0.0442370916151,0.0123453787987,0.0238467261362,-0.0128053532444,0.0244047038194,0.00694982182637,0.0408247791625,0.208927094936,-0.256847143173,-0.778336465359,0.0874218568206,-0.380334943533,-0.0982339382172
2017/07/09/10:03:46.745027,421141,1499565829,549143440,,0.669919271264,-0.116198003958,0.213157687603,0.819103963508,0.543317895619,-0.178525502544,0.0447549573538,0.00411486953466,0.00188752919663,-0.00736321309142,-0.00222348518481,0.00413472853218,-0.00561542267309,-0.0040720552206,-0.30732691288,-0.779726743698,0.0940214172006,-0.506545364857,-0.0454255864024
2017/07/09/10:03:46.754795,421142,1499565829,559148700,,0.669885826152,-0.116351994309,0.21291470332,0.819020739765,0.543430361956,-0.17854767798,0.0448240585699,-0.00101988991218,0.0122115009152,-0.0106483650502,0.0264245916335,0.0181393831687,0.0152739778972,-0.520671784878,-0.644245028496,-0.497435212135,0.241775929928,-0.732583403587,0.0121306553483
2017/07/09/10:03:46.764992,421143,1499565829,569138081,,0.669247798073,-0.116597654066,0.212340707777,0.818979312882,0.543363488751,-0.179100763499,0.0441805463615,-0.00973785015036,-0.0026932898791,-0.0163660350787,0.00623704158055,0.0308767094452,0.00231895095544,-0.477756679058,-0.546960771084,-1.28980004787,0.0880645960569,-0.56470143795,-0.0241415351629
2017/07/09/10:03:46.774775,421144,1499565829,579146539,,0.669877207281,-0.116152735377,0.212771212311,0.81902250151,0.543425090139,-0.178611838763,0.0445996018002,0.00184402155409,-0.00742893764172,-0.00356381709949,-0.00915726461209,-0.0114759069495,-0.0207218398897,-0.413253635168,-0.10726454854,-0.77759039402,0.0318377539515,-0.626313269138,0.0156855732203
2017/07/09/10:03:46.784828,421145,1499565829,589148670,,0.66955897137,-0.116129771466,0.212278331268,0.819074791912,0.543377838689,-0.178671698446,0.0439708295327,-0.013227158441,-0.00459220569483,-0.0178829741613,0.0140733963218,0.034539916052,-0.0172772326122,0.0220291316509,0.0220764875412,-1.06039869785,0.0318352505565,-0.504178464413,-0.011035695672
2017/07/09/10:03:46.794663,421146,1499565829,599138802,,0.669507311898,-0.115886418501,0.212122744142,0.819204491008,0.54316784011,-0.178743697904,0.0438564686406,-0.00940573355986,0.00178050510522,-0.0216043535638,0.0173679222763,0.0321482015584,-0.00282083311809,-0.439685493708,0.416840732098,-0.920738697052,-0.15215818584,-0.63519012928,0.0703669860959
2017/07/09/10:03:46.804838,421147,1499565829,609137547,,0.669320433595,-0.116597437461,0.212364907044,0.819322622597,0.542812195787,-0.179168614764,0.0443166750763,0.00213230059322,0.00279650417569,-0.00190829175802,0.00378971806567,0.00135251606478,0.0123100593239,-1.7154109478,-0.0907885432243,-0.649762034416,-0.0600630268455,-1.099386096,0.162935525179
